pptase,GFP
127.313416,46.604797
61.446964,47.633911
204.108688,22.418213
250.920288,43.199951
86.22979,63.020874
77.860664,107.577515
49.753422,12.458862
117.25795,29.689331
148.854279,17.553955
81.930855,66.330322
77.852051,179.601074
109.787979,68.363525
23.01387,21.263672
28.329529,18.409668
10.984638,48.142212
60.273567,5.942383
149.720352,19.560059
53.143402,192.173584
58.834316,34.853027
96.744583,28.258301
38.379887,43.439453
24.411259,37.330566
42.100204,28.373657
73.492615,36.280579
53.565414,25.493225
98.987717,97.784302
45.30249,123.032227
77.241791,51.781311
23.36158,41.482178
2.554092,98.32373
49.672142,49.594238
81.424332,53.060303
5.670609,67.370605
80.795891,39.403198
147.664017,37.945007
4.435059,21.173828
57.22591,43.785217
340.368927,25.350098
77.734573,172.919922
78.714783,60.028198
54.05423,1.821777
39.794853,102.64325
81.833168,57.988647
275.532898,151.079102
304.597321,124.669922
19.908157,41.515625
33.859344,25.02478
134.882965,75.020996
56.75523,2.677124
206.41452,184.810547
43.106506,66.681885
93.603531,84.165527
22.459354,19.808289
117.262123,16.325562
85.565956,126.044678
58.77298,102.073242
42.403229,230.32666
25.134644,220.146484
61.885391,114.594727
45.520077,51.177185
47.956131,138.920654
80.608627,92.297119
90.739655,188.608887
75.900764,120.263916
135.050934,133.875732
148.589798,58.149902
90.579796,48.807861
137.167648,117.292969
107.336922,8.661865
20.360222,139.999023
22.006683,37.521729
66.428482,64.717651
107.00238,12.468506
211.241638,98.84375
76.265274,2.233643
42.358791,56.182007
17.726471,222.180176
223.825409,33.597168
202.241714,130.290527
7.994522,77.031494
39.634811,64.371826
92.798462,8.845703
78.130432,40.943359
25.558525,56.688721
94.031265,61.057251
56.156792,26.702637
17.586685,51.182617
51.488758,73.624146
101.822495,123.939453
57.568115,46.471802
47.434975,96.588135
31.275402,36.197754
135.243332,155.415527
49.805344,69.710449
151.532501,96.780273
132.767883,261.181396
32.432682,64.142944
104.969429,17.502075
33.279846,19.162354
54.050797,51.97583
52.44352,70.346924
140.840332,68.598877
10.874088,34.075928
122.337425,21.19165
50.375034,38.067566
8.598297,11.405273
55.185402,48.608154
40.283859,18.681641
27.572399,75.6521
16.309212,37.972656
83.102074,43.911011
93.1493,93.80603
134.17543,151.200684
27.725647,24.852173
61.701752,50.82666
54.257282,37.526489
175.689178,49.858154
28.439651,69.165649
12.567192,6.105713
76.171539,54.225952
136.917862,125.197021
44.462418,37.739746
70.050224,40.173584
112.627625,88.306274
76.86718,120.966309
44.390724,130.051147
194.721924,107.102051
6.651455,39.855713
18.918488,67.180176
83.405121,108.847412
81.835663,73.982605
34.170227,9.562622
149.48468,4.564941
54.086166,12.999023
41.395653,7.374878
55.64365,49.800659
9.49749,44.897217
17.66465,46.721924
115.924133,91.61499
111.606186,75.417847
42.050831,31.225342
66.467102,41.912231
19.18074,54.569702
34.132309,18.079346
37.532497,76.838013
15.79493,47.916382
82.766708,75.894531
1.601727,47.399048
69.945755,105.1875
69.227394,1.366211
79.326065,55.639771
45.570602,16.094604
17.425449,32.292603
81.310226,29.368164
99.354218,181.991211
38.062286,12.07959
16.143726,23.871826
51.695465,131.844238
46.742531,74.162109
91.067818,46.84375
1.830597,1.733887
47.525383,10.699707
111.346115,50.770996
14.045792,135.413086
61.677094,123.362061
74.593918,117.226562
66.495705,100.494385
70.960281,12.650757
47.016624,158.254761
53.168808,84.871582
46.146549,28.14978
50.375996,39.641846
46.357311,28.937439
4.675011,16.943481
118.285873,124.585205
57.662849,33.330566
57.232475,84.932007
129.253357,20.182617
41.400597,16.620361
124.17041,294.664062
112.403122,67.101807
40.757401,35.534668
79.162971,130.070557
51.514973,56.388794
77.224617,77.410645
37.557533,36.850403
60.160446,85.89209
32.098862,10.07251
53.988945,32.771423
339.391479,152.488281
53.397949,182.768921
95.699219,106.098145
24.593601,23.25
86.651978,172.417969
40.741047,29.16272
98.487907,87.658569
49.523804,117.734619
114.15387,116.84021
186.117096,146.53125
26.183598,20.487305
72.580627,2.010803
19.198151,160.255371
124.786026,84.010742
33.201637,87.516113
94.97226,104.687988
53.976929,94.987793
164.864487,88.281311
26.6315,191.001465
42.839226,78.940674
14.979225,60.147217
18.502247,11.669678
52.959534,5.86731
27.420162,45.066162
99.431717,56.814453
63.026688,5.508911
56.805099,70.799072
41.596123,77.199829
81.784988,79.328979
27.254536,17.632202
103.707504,54.827637
32.420029,153.586426
21.709179,40.516357
114.408638,31.471436
8.132774,74.371826
6.092911,144.664551
4.470585,25.794434
51.070068,150.784668
56.112823,62.87915
64.984184,36.062012
17.569916,15.074951
62.399536,171.913574
265.810883,190.732788
39.771759,10.69458
175.556641,132.939941
15.401657,40.594482
45.407913,118.788574
81.008804,35.955078
31.070446,9.380127
55.392296,65.333984
172.35228,132.147949
75.145195,42.646118
39.448784,55.43042
75.544968,60.059326
39.431831,54.129395
38.318787,82.739868
45.083214,38.556885
141.510437,89.286499
50.671059,25.842163
73.994736,161.80127
73.542374,25.77063
7.69635,44.202393
34.648243,5.091309
77.544647,63.729248
110.610748,190.944336
232.83316,240.570312
146.98912,123.182129
57.142323,62.906433
51.496857,47.670898
123.9375,164.074219
41.61261,59.925781
40.277893,17.979248
3.658081,43.170898
55.551987,43.407959
24.249397,8.456421
30.581821,8.654053
18.596832,87.460938
94.189957,34.883057
100.024506,59.773926
34.641357,69.186951
109.451111,100.664062
151.307571,102.699219
153.6035,180.516846
63.46114,129.274658
100.513138,89.523193
70.202499,24.818604
161.020966,114.510742
5.241459,93.639526
59.771393,26.451782
75.014038,20.36908
104.116898,52.52002
75.381516,46.702759
58.639877,29.235107
64.087463,25.903687
7.103378,51.050293
158.396729,14.734375
30.767147,64.747192
111.269501,107.462891
15.4552,97.386719
32.333923,77.947876
41.834076,108.863281
187.816925,96.681641
70.944962,188.604004
108.570389,34.764893
103.109512,32.194214
28.087685,70.953125
36.764679,167.22876
85.750687,29.679565
11.688911,71.634277
59.781929,74.204346
11.920685,16.82373
140.815659,49.045776
47.194099,125.270996
44.325424,137.338379
58.103062,35.672607
86.504456,40.105469
18.283123,45.275818
1.769035,70.607666
53.926498,107.433594
64.291428,171.971191
125.108002,13.947754
71.404709,81.806885
86.298363,74.66333
55.147469,3.719849
75.468765,102.432983
23.851192,25.149414
225.279175,29.660156
52.87838,10.942017
169.012817,103.244629
65.469498,74.0354
28.753197,22.045776
76.387207,70.621582
165.471924,53.720947
127.840881,20.899658
11.287437,55.869629
292.947998,115.513916
121.163422,185.408569
35.908272,31.224854
137.910965,107.001953
114.748566,60.173096
31.9618,16.032593
115.254486,98.016724
234.592438,2.483398
82.102798,31.996643
28.427967,66.217285
82.873268,63.330078
35.853317,116.433105
74.115829,23.588623
30.651817,85.240112
22.877796,100.469604
112.572754,76.963867
129.886261,66.34375
33.432053,32.49646
106.191864,190.132324
168.113312,227.008789
3.455994,46.062012
92.436447,58.843384
20.228622,97.744385
100.890572,36.635498
45.423309,110.885254
38.084713,19.884277
99.67749,8.969238
60.050747,18.315674
58.028252,5.396851
57.647751,4.786621
82.222427,92.838257
71.91407,120.914062
21.227036,97.273438
53.488026,57.408203
74.427238,84.700073
118.212494,175.263672
25.090233,35.743164
67.807327,32.785156
36.45369,63.881104
14.153522,42.360962
116.045364,87.336243
172.466705,169.091797
246.119019,134.389648
106.782341,48.016418
81.058762,58.296265
92.746414,3.411133
88.136993,50.845764
35.056248,63.882385
151.968414,134.058838
28.627205,132.001709
77.92746,59.782593
54.636402,86.855469
65.780365,73.269775
6.186611,56.91333
49.155769,30.267578
100.822731,41.316772
37.641296,89.29541
53.663597,11.414307
79.638535,69.492065
58.097225,99.856567
276.504456,132.01416
15.954002,48.511108
4.134453,24.258789
43.582642,176.984375
188.644028,83.773926
106.487518,107.86731
33.843384,5.298584
25.040131,76.241455
125.234024,40.264648
259.023224,154.277344
35.771427,62.802124
28.001221,51.505615
106.75412,131.492432
173.889359,93.236694
54.956059,45.375854
28.382599,13.191406
34.571175,28.621338
62.328094,21.889893
77.707748,101.983398
22.372849,79.802979
81.000526,36.086182
176.717224,39.334595
67.969284,43.774658
18.824409,63.32959
22.662727,48.801758
43.225555,52.356079
121.36084,106.528564
22.311264,59.978882
92.752419,85.919067
170.127319,107.253418
35.149948,67.960938
33.442017,41.315674
24.79277,18.879272
159.518799,177.543945
12.952362,5.065063
41.630909,38.556152
21.61908,38.700928
49.129829,71.947144
64.083664,35.509033
3.353882,10.91748
44.543388,18.33667
18.538544,17.083984
69.058304,57.622559
43.8908,105.307251
7.054344,83.287964
42.602489,31.411926
47.243073,48.092041
14.357613,36.359131
20.846359,51.977783
31.300781,23.967285
28.193573,54.755554
48.827049,147.307617
82.173645,86.689575
58.185837,23.446289
33.127632,43.512695
127.08374,201.258789
55.689003,25.021484
130.416306,144.35791
61.276672,100.737793
6.856052,59.870361
18.750771,15.776367
84.363892,162.286621
60.265785,95.289551
87.387497,37.455078
132.523102,24.95874
81.25827,74.387695
51.749977,53.011841
92.307762,52.082031
109.357025,42.78894
25.963425,52.074707
4.564713,35.971191
122.972977,42.684814
74.190125,225.024414
153.03067,123.345215
7.687916,92.886963
91.170692,2.399536
41.316788,74.251953
111.138504,44.008301
139.841949,89.259155
51.612701,29.145508
133.25856,80.162109
8.442787,79.943848
14.864853,88.552002
57.967491,69.334106
38.006447,33.750427
70.415077,43.36377
31.648052,29.861816
39.33522,28.609375
67.332253,37.215576
42.68602,38.138184
80.353455,78.668457
16.792068,38.666016
212.363052,119.292725
149.03775,65.05957
48.341389,53.653809
26.648026,15.354248
58.486473,75.430298
37.855988,16.724365
9.604584,47.252441
60.083176,51.035156
19.370029,14.864746
41.832527,89.617798
41.711399,7.14209
89.329224,64.584656
121.822372,62.724365
34.096832,2.874268
234.561707,64.714844
78.039734,77.66748
63.057167,2.608643
38.926178,94.743164
62.957912,36.735962
89.986778,95.828491
24.33194,53.22168
72.046844,139.929688
4.35228,17.241333
43.563683,25.696289
30.733746,40.670227
23.018578,64.597168
30.082481,46.363525
34.590927,51.817627
124.369995,91.941895
24.349045,112.934326
110.960617,48.03418
46.388176,52.119263
303.188354,153.778809
118.606888,53.226318
188.321106,161.802124
194.086853,197.229004
21.438698,85.531128
30.330139,1.85791
77.659592,52.5802
41.751289,3.00354
4.800804,26.788574
71.281639,3.525146
48.080559,65.148804
53.782501,162.271484
41.977638,93.496338
63.993637,53.195923
241.136215,15.970215
172.337158,26.9021
10.394585,86.987427
57.006756,22.408997
168.830231,79.741455
154.628769,114.799316
28.443676,116.816528
91.941879,139.965393
30.598175,62.846924
49.471802,65.1875
168.77774,127.042969
103.706123,67.737122
5.226082,76.243164
23.726845,47.922852
55.329376,12.86499
20.762001,29.321533
55.454254,66.657715
14.727531,15.000366
77.392136,54.470215
43.618496,38.407349
77.560951,22.365967
94.724777,31.527344
261.872986,232.586426
13.970993,47.472046
17.732643,80.341675
3.091293,122.827393
102.185234,31.407715
26.501602,12.226074
146.719482,93.338379
41.204178,63.505615
54.197319,45.913086
41.310184,22.237305
42.023285,67.624756
135.316544,51.865479
60.437515,55.207764
55.542931,54.480286
47.407906,163.383057
29.681828,45.425598
11.936432,51.751099
70.040482,3.317627
73.454521,100.832031
37.974915,29.807617
32.516144,166.675293
213.095551,187.850586
41.010582,1.425781
25.789558,49.649048
48.331467,84.60498
4.792435,20.181519
33.893768,67.151123
37.587875,68.063477
34.605766,60.037231
3.503712,33.13855
96.505806,22.700317
81.381752,67.064087
180.716919,121.741455
127.432907,150.04126
65.483337,85.896484
30.10643,79.493652
13.880081,54.993652
49.561768,46.447632
89.619888,34.114746
28.960358,52.138672
9.667263,82.906372
4.971306,56.57666
105.294128,14.407593
35.479691,61.307617
112.497925,60.220337
130.581421,97.366699
45.379158,63.545776
9.531311,84.008057
83.191956,51.126465
70.139038,69.30542
56.173111,31.712402
29.313385,23.968323
166.920578,83.262695
54.865341,32.241333
72.036919,17.324707
70.573013,20.858582
34.457565,10.000488
109.686844,115.0271
72.10965,65.062866
60.736881,5.01886
56.526569,33.004761
106.043526,24.692139
108.266876,224.417725
33.500252,45.698364
5.965927,83.041748
13.660957,58.50293
68.873489,12.513184
95.872681,85.419189
62.966572,14.907593
28.872643,25.549561
101.396759,121.828125
6.653183,59.22876
54.951576,46.587158
88.748535,72.946289
151.49234,129.675293
100.365509,91.089111
18.630066,58.746338
28.524338,35.976074
72.295105,86.915771
61.797867,89.45459
20.319134,48.904114
81.901276,25.837769
187.149139,109.992065
30.921532,58.900391
17.198715,73.751404
9.852737,72.048828
105.457916,77.982422
150.956314,72.318359
91.21859,139.95752
172.492508,56.974609
186.46608,48.90918
34.41481,24.62146
55.677055,54.556274
8.879948,120.37738
112.858124,74.448364
29.770367,52.137085
21.16341,3.575439
156.597839,94.22998
50.301857,39.534912
138.67981,86.671021
37.337006,23.984375
15.521046,24.130127
163.593552,12.258789
1.955528,65.484619
65.557182,47.869629
44.196468,89.31897
45.102131,25.831543
72.956627,86.950562
52.497585,63.663086
110.297867,114.395508
146.351837,52.063293
112.012856,12.612061
12.558155,4.194336
35.910469,6.028809
42.115147,6.40918
155.993423,50.148193
86.446037,50.275879
121.80481,99.788086
75.12442,43.666382
4.659695,35.320679
57.243431,4.962524
80.945709,25.839478
82.203522,69.271118
36.808487,50.888428
115.45285,124.841309
66.771553,52.735962
42.283936,22.675537
260.584442,174.899414
104.809616,103.059082
131.558609,29.436523
94.11763,14.275879
97.768517,8.046021
29.465118,30.25531
47.415291,64.966187
30.034317,26.609863
176.794342,107.879883
69.311569,113.30542
22.42514,50.266846
12.387295,35.505981
31.42289,44.119507
8.714874,54.789307
39.935013,19.417725
1.444889,33.370056
104.667168,54.665527
107.371246,75.57312
39.872772,65.538574
51.521561,19.3396
156.002228,22.258301
3.041023,31.362549
113.609444,114.681213
10.323059,38.447266
131.075684,7.642334
26.318115,78.196777
53.303734,7.862061
72.979851,72.130127
5.180359,30.239868
5.186626,79.832031
63.831417,143.574097
56.621323,53.458008
58.277618,65.044922
27.203979,26.66272
41.420929,51.873047
34.357738,59.837158
6.033882,61.638672
78.734222,69.852905
9.6455,53.69519
177.36528,144.911621
4.570168,6.474854
8.766125,21.85968
147.074997,26.8125
146.607788,82.053955
22.758205,19.709473
42.765045,63.548828
76.46032,32.672241
7.861202,23.606445
31.371597,30.288574
203.93634,164.562012
71.666153,36.061035
34.458496,138.033203
27.8526,145.225586
168.321106,212.062012
78.459503,9.681152
121.724472,29.081787
95.08606,93.487549
1.446388,36.205444
9.264233,24.428833
321.070435,76.593262
81.533127,52.448608
16.552536,21.507446
51.373444,55.881348
201.128143,105.294922
152.624817,97.14563
51.941772,103.327148
53.233963,14.327271
37.829697,47.896729
48.923286,50.756348
80.516693,94.140381
10.354584,36.963867
29.740929,12.608398
120.39595,128.996582
77.175537,18.907227
2.283279,10.976562
74.837723,55.996094
45.407715,62.641602
18.748077,52.291382
3.690155,90.77124
65.342278,40.490845
4.368324,41.227783
7.412823,71.133545
114.293724,14.81665
135.501297,132.244019
47.861206,49.614746
170.643997,103.027832
8.174118,59.307617
74.018997,15.627747
20.450531,48.232117
66.815941,46.372559
84.666351,32.344177
36.148392,47.935913
146.52327,76.99707
7.035469,16.843994
188.783173,82.18457
71.300125,81.697021
28.017181,124.525879
24.875351,136.90918
88.183731,27.30957
2.539562,15.496155
103.179504,101.650879
63.539528,42.647583
116.078178,78.30481
117.80336,66.500488
35.611023,66.531738
67.123962,69.392822
87.191322,55.80127
90.472992,33.7677
28.45034,12.155029
79.206657,38.680176
115.006592,110.159912
34.214485,13.870117
45.132431,95.537598
243.141907,178.374023
99.358704,19.532349
7.901962,158.171631
37.139618,159.195801
171.535858,143.194336
49.681129,91.568115
103.623993,105.014282
112.798325,73.739502
17.836769,105.315796
55.305447,20.474487
14.963577,153.608398
168.992905,41.869141
58.273319,25.199219
35.168076,86.818848
19.215092,63.684937
73.051773,62.49231
33.863678,72.429932
66.059387,25.653931
16.596146,15.029785
71.456711,42.343994
7.450027,2.154053
98.93985,24.404968
39.407421,22.051453
36.786404,19.087158
13.88681,50.547974
33.07444,82.879089
41.08857,3.472412
12.737141,41.702759
80.653748,11.585449
77.308792,123.710693
97.771309,38.052612
100.591034,81.409302
72.078056,85.301392
61.828331,44.232788
31.819298,54.715454
44.46759,17.393799
144.776352,112.836914
8.947266,54.788086
184.364609,49.573975
115.580475,21.993774
17.688423,99.535645
119.806366,162.322266
92.167213,60.03772
54.306217,34.518982
13.878555,18.050171
23.178986,21.134277
7.336514,29.614136
129.186951,49.334229
124.12442,47.649902
47.163593,47.415039
76.366394,189.790283
105.611511,96.239014
98.497368,8.403687
168.163895,42.295044
156.842163,19.495605
33.792828,59.750366
67.41481,160.27002
42.872391,76.962341
117.98912,163.098145
21.781864,33.231567
49.591461,93.207275
10.544373,62.733276
2.300056,19.383972
238.276947,147.260254
11.759796,90.402832
40.314644,28.825195
14.715321,33.020996
15.337635,50.482056
88.907951,97.496582
36.257298,53.226624
1.803047,46.060059
16.045715,6.833008
167.123108,63.955566
81.788162,108.638672
225.700455,63.845947
43.44912,1.47583
54.377148,68.437927
2.615772,82.295288
74.371353,105.027344
98.065742,62.491699
63.956299,36.289307
137.366364,82.900879
83.354477,72.035156
48.933723,28.290466
8.338989,218.216309
69.677628,70.054688
85.46376,41.565918
64.479279,43.176453
41.009697,35.650146
25.100952,185.679199
130.520111,38.160278
81.810257,9.748047
124.201584,81.696533
61.065514,78.010986
63.889725,15.837524
50.944767,8.839355
57.573116,3.573853
14.166313,24.876953
1.756271,48.67627
72.10051,109.661377
111.506714,58.585449
48.451843,116.892578
3.151566,24.244629
125.50795,126.102051
154.321625,228.929688
81.40657,19.854858
32.876682,58.135498
37.335854,35.874023
28.213181,123.478516
66.015472,95.130981
4.579849,76.661987
99.725311,44.290405
33.430935,61.350098
92.140274,75.175293
15.047916,14.572754
70.890793,27.256348
119.208275,89.257202
58.144291,67.404175
20.460793,50.252808
82.382568,83.110107
110.182083,138.66748
6.879257,6.081787
1.722412,69.955688
144.370239,18.991455
91.294876,125.495117
158.545639,74.223633
29.084244,18.722168
11.407654,2.029541
233.235184,53.111328
71.979347,80.0979
134.855972,53.583618
60.963558,61.243164
53.02298,66.581177
56.769073,32.229492
3.824051,76.111328
238.833801,135.758301
99.53511,49.80127
99.000549,199.777344
11.729507,61.252686
26.781708,55.632019
131.878326,96.296875
162.426331,46.965454
18.474972,5.44812
42.846855,51.756592
61.402534,18.276855
54.692612,132.987793
37.507095,19.33374
54.983463,101.738892
48.838211,101.480469
76.808647,59.188721
46.268806,27.373047
80.524666,40.42688
5.52935,40.592773
34.581055,37.230957
146.576019,96.477539
105.172264,4.698486
55.016605,25.945801
21.565857,72.592773
59.559338,56.069824
22.261791,47.486816
77.137283,75.94751
77.671326,133.174805
148.611786,15.594238
103.062866,43.25
63.557087,26.547852
10.720219,15.689453
51.508198,36.177002
28.496353,59.68457
42.944077,98.659668
8.545921,46.742981
52.760948,90.3396
143.208099,83.717224
54.947609,18.182251
92.102386,73.937622
114.141655,42.986572
115.339996,93.587524
45.323532,112.82373
39.248657,56.986816
64.444366,4.104004
56.996521,58.338867
78.340431,48.724487
46.506943,88.877075
13.485107,112.745117
39.343384,88.448547
107.969131,69.392334
28.669518,146.222412
134.181076,177.397461
78.997818,136.529053
79.529823,58.209961
11.639809,5.797119
83.647919,39.035645
23.139214,89.791382
28.984768,75.598206
9.410236,30.587585
53.445084,31.388306
81.763184,14.483154
54.166058,21.71344
94.554337,40.675781
38.143276,70.29895
65.31897,26.316406
50.333054,108.465332
36.36171,131.137451
3.072037,19.413696
38.88324,46.104004
103.592361,11.939209
107.476067,71.380981
109.179382,88.993164
110.916977,64.146729
100.915947,93.445312
150.041199,52.471924
118.54113,147.636353
26.753147,98.706787
32.187637,25.046387
38.837337,53.187134
38.980606,79.088257
89.057343,65.85144
120.904022,83.094971
55.377144,47.248535
82.150681,42.971436
98.945496,62.862305
47.9561,43.571289
168.424072,107.752441
17.174397,30.038086
28.483398,64.954895
10.730003,10.397705
21.286011,25.81543
5.757675,50.096191
74.609238,40.238525
113.990829,86.068481
68.815117,42.692322
72.248032,23.97522
123.206696,133.767822
55.96666,16.894531
35.805683,61.667725
5.417854,33.366821
38.62561,72.436035
58.568279,42.746582
21.443161,2.031738
24.092022,47.256104
98.898895,54.050781
71.011276,192.8125
36.343735,7.708008
113.77536,13.278809
86.800232,75.334106
50.192078,63.700195
12.868393,47.146729
115.99865,18.790771
45.914642,88.71936
72.357513,85.378052
36.28764,103.651794
12.834625,70.151123
115.777145,87.878906
50.124855,129.944702
71.051773,101.995605
23.13118,62.44043
134.568298,102.334961
71.498016,94.050781
41.914391,35.746948
8.578445,9.9151
74.370987,65.428223
18.816246,41.994995
98.263977,2.000977
71.174316,29.249756
96.63942,69.677979
157.741638,96.336792
26.409134,20.197876
103.409386,77.355835
119.803085,85.962402
3.647114,69.978638
86.862671,120.427002
184.447083,84.154785
113.336014,42.020752
71.47699,137.708984
26.043808,26.592773
44.281319,20.63269
120.684708,74.562134
94.846191,34.691528
106.688202,48.255249
18.556976,31.453857
76.238235,93.459473
33.853134,74.311279
103.004639,118.40741
68.435234,61.050049
142.296448,39.23761
54.244835,30.166016
28.111668,11.147156
83.620285,16.747803
99.687042,39.641846
55.184273,34.971924
57.355637,93.092163
22.010338,40.260376
129.593628,61.512695
186.506699,17.7854
75.721039,51.791504
2.39225,79.685547
11.317047,81.809082
7.873589,8.169678
93.999985,13.924561
11.626343,86.797119
34.280712,59.583008
80.662003,8.255859
9.719978,36.800537
160.422836,210.251709
15.344181,24.415283
100.081581,14.691284
106.929977,108.196533
66.534912,21.591309
6.112343,71.128784
64.806564,60.897095
91.272789,134.220947
109.11628,45.49292
25.117386,39.452271
39.672073,125.416504
51.675579,25.510498
65.275589,118.395264
9.62825,4.960571
6.124191,63.867432
75.991219,115.913574
1.379124,37.846619
40.939632,20.098145
83.01297,66.196472
55.27161,88.772339
17.74712,35.851562
12.279743,28.108643
15.248058,13.859985
32.335297,25.430908
85.096176,40.022217
26.115227,66.391113
52.365635,81.687134
33.737217,56.250305
82.406853,25.786865
121.116211,147.016846
182.216614,46.46875
68.158798,58.060547
113.111656,128.571777
34.715469,139.412109
74.975365,55.325928
7.16555,24.13501
6.466156,102.83728
36.742252,36.795166
22.877533,39.008545
46.121563,21.728027
11.260849,107.32666
73.79525,59.692627
31.518654,15.861816
54.442986,89.419678
196.942078,26.379639
54.558952,82.830933
35.136772,59.458984
56.45536,99.17627
106.845901,50.941895
13.606007,110.958496
73.419128,53.258423
37.833145,38.259277
84.659821,21.683594
60.302979,101.453125
146.138641,44.96814
17.591469,85.834839
120.261765,51.118896
70.127396,9.885864
46.112675,74.942017
42.003349,8.415283
95.550735,57.915039
38.123749,11.615234
16.642761,73.458496
6.596363,8.658813
44.955002,13.478638
48.423691,57.930664
75.642204,25.033936
14.879684,54.714844
57.687454,7.609741
15.069702,11.432129
13.035385,42.65332
68.947388,53.114014
14.448624,83.168457
29.075142,11.116577
103.99942,50.862061
93.473999,141.719727
32.484398,31.997437
28.022652,20.904541
39.856445,49.32373
85.263184,66.532227
125.617035,97.317139
72.858337,9.946289
17.653336,6.446045
86.169075,110.147095
4.432327,63.646484
34.209332,49.346191
6.661808,103.292725
15.24649,88.29541
11.224281,25.514893
80.754684,10.790771
33.37973,73.999512
223.834259,136.995117
145.816803,107.169312
71.802048,6.629395
22.759968,12.14502
130.846283,161.787354
115.449814,86.268311
54.415512,114.884766
102.938126,24.618652
106.180008,63.79187
20.982956,182.910645
63.679886,73.646973
38.527008,72.892822
116.026505,11.60083
78.867462,111.507202
72.190659,43.478516
33.650009,101.772095
64.493042,8.854492
137.490631,109.034912
48.670296,74.397705
31.695671,34.663574
45.928284,34.999268
50.597771,88.433838
103.964233,55.103516
16.481052,32.681274
90.747437,43.365479
142.056976,16.726074
42.249676,50.468262
137.698196,95.385742
18.062458,17.957397
50.979618,93.523315
11.811573,20.497314
104.70079,56.77002
108.728317,11.611572
42.109505,81.346558
95.133072,187.600586
82.519241,22.568359
43.120846,63.121399
160.940506,9.261963
159.658051,119.047241
57.991592,109.609375
23.534542,47.069824
43.614792,3.697266
133.689651,150.706055
59.275436,12.072754
76.50795,106.339355
8.349823,17.708496
27.439522,39.285645
55.445999,38.32019
7.553726,38.204102
282.51712,276.916016
130.129761,45.683716
87.44381,23.128418
40.645943,63.956421
157.223633,108.541016
93.707794,98.438477
3.669754,56.693359
59.850769,95.787476
24.288406,1.599915
53.998322,37.01709
149.206299,195.206543
123.712509,11.821899
14.824989,20.126831
40.000473,55.940918
119.873322,73.47583
32.559578,53.088379
92.710312,142.506348
13.532463,42.742432
74.491043,79.694336
117.279678,29.594238
67.124664,45.862671
140.206604,184.290039
98.184906,46.146606
37.572784,27.289551
20.646057,20.667969
3.499504,28.09082
86.353409,140.552246
27.477234,69.439697
17.288776,86.842712
9.725414,76.887207
101.128204,147.813965
71.649712,209.015991
56.962379,51.174438
29.216438,45.530762
123.946091,131.491821
139.460617,116.981689
56.659382,59.917603
30.7099,74.967651
59.387127,148.698486
86.471237,75.239868
67.52021,28.174072
78.411774,34.849609
17.629807,67.016846
25.342873,10.835083
65.273285,11.312134
43.791054,17.984863
130.068329,114.234253
95.379684,127.185059
8.096966,114.58429
74.103249,64.279907
91.409805,31.448364
67.431366,51.996216
74.082352,43.522705
190.03186,105.937744
15.578644,54.453979
107.310226,172.848145
84.721947,85.474365
29.088509,6.535767
67.237534,58.923218
37.583679,151.664551
89.620316,39.707153
92.008179,54.774414
46.670177,9.820557
145.976532,70.973633
70.315414,68.656616
85.02063,103.351562
119.744232,155.0896
53.053745,21.804443
46.764137,60.515381
43.989853,63.02832
9.946182,48.650635
30.06303,43.069946
160.450806,72.963867
70.803101,29.996826
43.317596,138.516602
31.123474,39.940796
71.188942,133.696045
25.013084,109.178345
61.723785,73.632324
24.180553,36.136658
83.166229,53.182617
182.168091,282.986816
24.893246,55.542358
65.146561,46.61084
45.17297,30.541565
81.748352,4.647522
149.915115,115.18042
10.09948,76.40332
39.608696,41.046875
57.077957,53.702637
62.793903,12.901733
106.130219,171.042725
57.70459,34.752502
79.307617,22.315186
61.343327,55.313354
96.507141,201.353516
25.747555,31.735718
44.297279,14.168091
68.166077,126.923828
24.342422,59.317871
78.435394,55.634766
139.716339,199.604248
99.669907,40.809143
80.588287,76.049805
53.545929,27.788208
41.906914,14.623535
95.660675,302.226562
48.905899,99.548706
48.663582,57.692993
113.934647,72.233521
33.330479,32.494629
132.181824,11.695801
4.355518,20.987549
176.021301,199.067383
28.820671,132.096558
80.077805,48.070801
58.985931,32.809387
18.223129,38.629272
125.808022,96.537109
61.611481,83.321777
115.723267,166.76416
33.353447,24.819336
14.373337,133.409668
73.286789,51.659058
34.175869,5.092651
78.629662,77.133179
14.395557,43.642334
56.275616,43.960815
42.931862,22.210571
94.954346,81.912476
51.527805,65.844116
143.183701,124.075806
39.913803,19.289551
249.761108,93.219604
268.221375,32.762695
22.9496,4.229736
33.890125,95.19043
125.53891,69.303467
185.178253,83.808105
82.788162,85.354614
5.18602,78.058105
12.782066,116.32666
65.136429,168.040466
78.840805,11.820496
25.459,22.928711
20.258797,15.951172
19.57782,106.712524
59.385281,64.911499
123.176483,23.313965
181.450378,108.32373
58.161469,3.067627
55.499176,4.124023
190.367615,203.222656
67.09977,104.932495
17.474289,54.064941
168.819672,145.046875
164.945755,48.729248
78.524796,130.609863
41.632664,4.634888
56.672699,70.317871
60.045666,83.272095
73.900406,76.294189
53.937645,133.308838
16.223076,53.870483
19.999584,61.864258
36.818783,76.595337
127.908966,53.542969
16.889141,47.105957
25.769653,43.020508
9.923767,54.519531
38.299442,61.364746
22.619022,72.17981
13.33654,6.634033
87.67038,44.240723
1.992573,37.87561
38.277966,58.824707
115.890961,67.673584
8.141861,22.722412
73.612122,107.644287
129.04985,15.068115
147.707932,133.217285
28.33857,76.079712
109.051781,85.348938
92.433258,147.266357
147.989655,13.944336
85.248337,65.772461
90.204132,65.612305
13.482681,5.139893
8.432911,8.704102
93.52948,157.918945
66.773994,70.126221
26.392197,28.228516
107.036682,160.59375
91.505402,10.157349
37.101154,25.674438
17.430984,18.966064
124.435349,119.402466
18.548725,78.599976
30.133514,127.966309
53.92728,44.662048
60.061317,55.973999
84.461021,108.597412
25.069645,20.115112
103.57785,72.223999
110.573692,70.721802
94.307312,200.460815
178.087662,65.630859
21.592869,62.061646
81.120041,62.071045
114.551651,30.887817
42.945786,108.283447
62.741772,7.17511
81.31041,68.046631
87.002129,91.273071
54.593567,82.144287
132.498917,83.377686
26.381012,10.296875
77.243698,47.180176
72.710587,57.143433
53.359467,8.354614
127.123871,63.586914
19.521332,9.164551
16.660347,16.655029
110.461349,69.910156
25.268742,67.781738
43.54031,58.895752
70.386848,14.782471
22.640762,7.385986
44.920273,48.754639
57.334106,33.784912
11.632996,22.39624
30.938076,25.316895
82.414131,40.028931
93.076881,55.634033
11.869118,90.42041
13.593884,53.772827
80.561798,76.994873
24.022774,35.178711
145.805481,111.213867
75.443024,44.050781
52.584846,1.627747
138.498077,59.514282
128.850159,95.801636
27.088043,113.342773
27.204422,56.076782
40.351608,127.582031
48.359837,68.872559
75.710388,103.525635
69.401276,31.960938
37.250671,49.702148
87.830353,48.540833
42.760479,61.452393
19.403458,52.692993
17.768269,8.112671
24.279221,2.675781
56.973564,63.288696
11.495575,9.592285
21.652817,77.185303
45.662735,96.845581
87.181107,76.448364
246.242432,159.834473
21.501526,65.840698
83.815247,48.82605
15.509583,67.428711
119.782112,85.567627
26.54425,65.507324
159.354691,95.413818
32.395386,11.681885
63.706055,32.918335
52.978802,30.082336
90.694214,107.179688
110.780853,130.214722
87.760025,63.155762
8.173004,3.664307
88.339233,31.242432
37.478611,15.001221
126.668503,127.174561
79.452469,16.4646
29.45993,9.518066
59.09964,107.351074
101.761063,805.016602
83.797325,166.674561
9.085175,53.386475
30.837921,15.674805
36.293198,67.53772
25.727776,80.005371
85.670563,45.262207
158.450867,80.730957
156.193359,165.142578
18.399452,2.550171
62.298538,23.152832
109.103622,43.671204
152.107727,100.557007
35.011395,9.883911
3.311401,108.054199
38.356255,109.123047
178.643341,64.307129
39.48999,30.699463
157.667572,87.013916
176.30751,95.356445
55.034546,43.170654
168.051514,258.11377
129.261414,114.71582
82.69455,110.268921
12.648403,46.31897
38.436325,65.154663
17.461342,20.79834
84.201904,287.335449
7.439995,104.604736
146.234375,193.188965
68.648994,135.000244
16.117683,25.60791
30.246452,22.581909
75.955078,56.61377
166.230377,209.97168
111.618607,13.098633
25.955055,26.170776
101.677948,119.097412
71.358627,107.052734
53.527798,80.514282
11.236343,2.952271
107.249107,95.983887
47.404083,112.645996
115.922668,139.6875
60.081215,98.435791
130.849274,30.660156
53.601532,72.291016
85.679718,40.020447
70.413086,120.435059
52.990883,14.540955
39.088692,12.035156
4.274105,61.130371
11.879578,46.960205
93.279839,15.880493
18.143341,93.820312
96.223846,36.69043
71.935745,35.028564
2.973778,15.164062
138.098343,26.495972
47.592239,49.509766
58.005905,76.279785
11.667393,17.090942
196.800644,305.527832
33.207458,88.012207
43.189545,26.990356
44.158279,63.991943
114.405563,54.297485
15.634132,5.710205
86.094254,73.700684
237.747833,174.143066
129.723267,98.536621
127.375778,51.303711
41.428406,116.840332
2.879578,43.598633
173.619568,114.92627
38.209564,40.141846
102.031578,21.047119
34.142395,27.498779
61.258633,85.227295
85.161636,85.327759
88.788826,112.36499
137.667191,85.273804
70.09227,23.378906
62.536274,29.458008
7.322868,46.241699
8.069462,7.190186
39.726105,125.760986
100.770813,197.531738
96.817398,83.08252
4.945347,44.537781
79.375275,80.473206
102.153992,19.748047
38.449574,64.51709
24.103325,100.811401
19.325714,49.026367
127.574814,25.738281
20.364391,25.915405
24.098999,108.61084
18.391785,9.505005
129.216705,145.471069
39.796356,12.541992
180.851929,102.58252
24.246254,38.311035
48.813606,20.195068
84.187469,239.819336
60.044136,61.383789
49.363846,61.092041
30.730652,120.105469
114.561729,63.216553
109.445786,33.438477
53.839638,49.601685
91.793427,15.454102
50.788513,30.509277
26.334412,77.534424
8.067169,32.878174
53.030209,46.205444
18.163422,40.242737
93.201012,8.869385
14.499706,21.72998
89.309921,4.087646
25.461914,47.769775
100.503448,138.062988
111.219582,25.816284
26.094635,80.066406
37.772106,48.784424
7.413311,14.373657
112.487762,54.053711
101.478653,96.676147
104.938141,201.969238
27.343811,44.462891
6.231461,81.851562
186.968109,186.521973
59.172554,54.885742
201.957474,120.675049
3.132195,40.189209
109.277023,41.040161
30.194374,134.34021
67.498749,1.527344
19.631298,40.931274
60.354553,81.147217
31.755947,12.396729
70.913605,154.548096
10.781174,46.717529
50.452057,139.245117
56.174156,33.151367
61.610821,30.069336
101.72049,71.492188
140.353149,251.115234
44.373329,70.864258
68.272354,83.275696
2.300308,1.575928
147.472412,101.73584
56.633362,71.315186
140.56781,148.12085
82.860901,118.033203
190.039398,84.263672
151.850586,104.197998
9.80764,55.047607
73.80217,12.348755
118.355164,123.060913
37.813293,15.353027
157.237885,113.024414
184.626266,25.599609
23.091644,32.893066
22.402969,53.705566
47.544235,91.58252
41.060085,70.392334
62.216248,33.156738
17.389511,85.014282
100.783539,12.0271
10.701515,67.091064
160.992798,119.362793
99.281448,8.922852
94.803131,63.734375
14.831726,12.116455
71.078476,8.657715
27.213211,67.501221
74.946991,109.4823
93.055084,104.46582
38.066986,9.760742
47.573112,47.044189
3.941414,22.654297
136.723709,127.600281
96.305603,45.252563
19.442055,31.669128
81.040787,49.156494
75.55397,168.97876
109.845428,37.724121
2.958145,58.8302
50.709347,61.885254
156.483414,83.58252
10.323502,65.981812
177.116119,29.583862
1.66452,52.612793
39.28566,110.510864
104.181152,42.73877
44.626656,98.807251
41.833389,11.251709
34.377567,55.700317
35.367607,34.009033
3.949585,30.703491
147.800629,144.830933
27.693771,138.021851
96.191048,30.209839
33.382107,86.342407
90.595459,125.498779
25.138397,39.73291
109.454865,234.853027
149.175262,32.050659
16.421539,72.727051
49.900864,93.784424
88.028534,73.207886
75.901489,193.205566
148.654465,141.166992
65.060379,33.599854
56.259647,77.27771
132.020996,52.984253
106.377731,74.439697
58.971413,60.080078
64.443985,51.835876
10.606461,46.052734
77.717499,117.681396
150.092728,86.633545
76.802887,221.757812
129.370148,31.598511
103.450836,26.074463
119.858276,118.305664
80.322601,60.73877
92.978027,160.007812
5.84066,36.893677
37.680122,47.78418
67.117378,43.510742
34.690887,28.410156
45.814308,19.822876
150.33078,60.749756
45.138683,47.45929
12.650326,21.681396
39.836426,24.074219
75.645477,66.213379
99.532486,52.357544
45.794914,61.650635
44.17128,42.574219
3.58086,78.96106
154.558502,72.912598
27.754631,48.324219
13.37738,51.837158
119.389862,71.075806
137.530579,165.178711
30.99955,101.204468
71.694458,38.342773
72.212585,73.779663
9.532104,36.589355
51.90892,129.228271
241.564575,177.833496
35.266479,23.090942
166.964874,162.938965
87.179733,98.477051
37.780418,27.714355
117.615646,171.237793
18.913361,37.369446
31.136307,11.562988
106.905228,44.07373
4.4366,36.304688
23.647491,74.583618
2.954407,61.840698
175.763794,81.158203
222.499039,86.038086
112.027946,241.220215
53.263073,4.108887
22.746231,5.828613
44.187927,102.372559
72.9748,2.110352
27.390923,99.90918
91.25415,177.693115
100.49057,65.991455
34.390285,13.819336
45.780411,64.162231
6.542458,2.695251
22.90493,34.895508
44.875832,72.343506
98.395905,13.969727
1.190876,29.240967
73.586823,34.04126
90.361618,84.814453
169.419952,21.883301
46.259041,9.972412
265.691772,169.445312
65.206314,13.383057
99.384552,111.532349
33.029327,104.48291
55.238029,38.413452
20.752182,37.414185
1.294182,58.43042
12.038887,10.749878
107.317596,202.672852
117.169067,35.645508
46.084885,35.08252
95.320473,61.675903
65.120323,69.397949
70.832291,143.763916
149.015991,99.548828
34.676964,31.551636
92.646614,21.094849
146.15094,130.243408
80.041306,106.356567
18.790298,57.603882
53.569199,52.937378
13.610725,103.096436
44.775734,90.812256
41.773499,38.378418
7.263752,52.079407
47.674538,65.589233
139.580276,47.581543
58.7565,61.166016
187.423325,148.083008
56.100353,58.307373
51.499756,112.110352
126.984428,212.731262
121.141693,29.640137
53.957214,265.278809
31.107742,5.750488
78.70845,88.251221
82.695969,41.478027
145.439545,16.728882
2.057625,51.545532
13.043373,26.201172
34.579178,44.231567
4.201324,40.517822
143.809357,109.49585
69.572975,38.637939
73.504944,82.334106
6.606537,212.056152
74.592262,26.738525
72.301834,86.393799
44.103668,98.115723
65.102112,51.140259
108.892609,81.102051
63.577312,26.962158
175.216553,130.742188
52.559082,10.353271
69.834518,50.190186
34.135498,19.262939
14.365799,21.753235
133.307953,58.426025
44.46257,60.833618
25.669479,127.396973
191.627457,82.35791
189.13945,164.11377
39.607582,21.899658
40.043865,22.19104
36.222687,96.905762
19.188843,54.537109
168.424332,84.923584
118.408127,87.664185
67.560242,32.771362
2.354065,100.07666
22.122635,42.806885
104.718582,71.495117
77.918442,17.302246
42.515606,15.612183
23.999245,40.956055
54.919743,37.709961
92.896011,98.442627
107.476425,47.507568
27.229576,75.839111
26.83654,89.719727
282.830383,126.205078
56.868774,150.994141
47.012146,224.699707
70.945679,41.5625
98.249672,53.154297
46.64064,55.912842
63.196091,123.072021
14.93187,42.212158
147.832947,64.137146
69.617172,58.072021
96.944885,66.651611
71.243858,12.698486
97.630722,38.853516
113.881531,14.552246
55.170288,114.215332
42.099045,103.657715
137.244278,63.951172
41.238335,48.009521
3.451965,25.763062
20.093628,81.792969
5.826286,138.006836
51.645706,42.419067
144.244141,130.908691
93.82608,65.108643
33.36599,20.556885
61.857441,134.301636
121.920891,52.036133
46.00959,13.227051
35.858379,32.234741
69.884743,62.696167
43.963093,75.07666
189.758148,74.091309
53.047256,7.644409
165.423355,132.625977
127.822151,15.611755
69.470093,131.464355
103.282654,3.168457
109.255661,45.182129
6.44606,18.696777
5.659409,106.718628
26.908779,77.870117
30.400063,38.251953
121.093262,45.213379
125.095116,153.352783
42.578968,6.73291
119.258133,204.62793
162.917557,76.572876
46.495407,98.792969
38.877144,10.474609
166.156403,205.694336
70.362122,55.161133
76.068932,42.487549
286.611145,142.741699
169.875275,99.84668
33.368759,181.675537
19.143082,7.226196
49.984692,14.508789
91.700111,84.378418
21.16095,19.973145
15.696537,61.416565
80.334671,60.902832
24.149353,4.127441
54.215645,73.03418
129.890778,110.321289
223.605164,229.975098
91.897705,164.345215
14.711918,9.42041
47.806969,80.029663
114.077789,20.452271
143.417755,63.852051
76.914711,107.779663
60.540497,46.041748
58.756874,17.42334
111.750061,121.462402
68.081406,118.842285
66.910034,37.412109
75.762589,54.300293
96.597649,16.256104
130.689056,83.462463
38.596672,47.318848
184.672363,144.238892
150.656342,102.080078
191.190735,96.503906
35.54908,88.195068
23.873955,43.018188
68.831787,49.738281
126.688766,46.193848
98.778275,105.200684
132.115143,61.410156
16.618256,90.681641
201.424072,133.90918
114.607857,116.806274
6.014587,49.406738
34.008469,58.736816
130.031738,26.69751
51.312744,55.861938
117.082909,126.289917
41.130421,69.384277
7.109432,33.865845
26.969879,140.962891
41.673943,66.127747
49.413933,84.36084
26.771957,56.496338
163.172943,50.671143
151.309158,77.239746
218.850418,142.3479
39.845497,96.340332
13.210018,90.979248
42.335709,37.884399
46.300461,39.566895
15.645233,73.419922
31.783985,34.269592
113.214798,50.134277
135.174881,43.376953
187.953094,66.357422
35.759651,21.794678
7.705856,58.477295
53.366089,7.615234
84.71962,159.385742
64.48642,58.937744
260.951904,19.042236
20.703682,39.951172
79.915985,80.525391
170.673508,156.257812
51.350952,38.743896
102.78418,49.610718
35.337673,157.055542
27.009598,163.427734
58.519966,88.284912
12.911224,21.01001
34.373711,104.946777
76.588478,66.095703
11.213737,29.594116
35.902866,41.820557
72.346603,70.608398
47.923431,55.748779
47.504131,75.163696
121.0466,66.30957
239.457672,273.112305
183.661713,128.998535
135.99939,96.841309
41.970428,49.209839
144.178314,94.412598
110.533997,101.522583
182.699036,128.67334
112.925018,25.015625
65.890366,59.488037
62.578918,43.650391
57.167068,76.289307
51.087032,91.946289
128.760071,122.136719
129.593094,55.470947
208.437057,108.243652
113.490128,55.320984
7.403534,19.534546
85.981956,71.965332
49.05983,56.107422
54.473396,29.61261
36.80373,57.312866
85.699501,41.885864
32.41478,47.074097
102.869232,150.328125
49.165833,43.242188
51.694008,70.514648
38.378403,9.726562
24.13472,26.390869
166.126755,87.205078
134.260605,75.453369
126.965157,78.18042
56.332001,164.973633
3.701752,64.946045
190.603561,86.898926
135.677185,137.348633
173.131531,199.955566
65.697632,72.329102
7.648716,39.349854
66.260361,37.871643
152.24971,99.379395
15.975582,46.380127
63.076187,83.954102
58.300964,127.013428
106.720184,84.94873
29.968018,208.347656
129.861725,67.696167
48.975227,55.410522
61.109207,117.891846
22.192291,33.551147
48.851273,19.739868
74.792641,60.681885
40.077789,57.161621
35.908356,74.777832
167.488434,156.733398
130.522125,166.887939
52.045795,15.97168
119.372421,81.465332
59.157448,58.434937
111.239548,133.860352
20.611061,9.542358
33.94363,53.638245
51.499802,66.950562
94.442078,163.197266
17.923073,108.936768
139.29834,87.717896
100.183441,42.276367
49.948605,54.696777
29.692135,65.971069
128.883881,166.848999
30.64661,28.601196
89.082413,66.165771
19.558777,26.577026
75.09993,57.794189
61.351566,69.397095
118.902344,37.235352
66.394524,6.266113
168.320374,54.506348
67.652344,113.200195
14.547981,26.249146
85.941391,76.826416
76.002396,157.179199
50.4561,73.314697
11.678726,43.121094
35.821648,98.137634
36.66217,120.691406
23.952866,81.180664
25.575699,32.687866
29.847931,58.121948
101.933029,24.283997
24.150414,64.756836
76.628265,117.842285
79.428154,72.213501
63.728596,23.959839
148.89621,172.245605
20.60276,58.039185
128.491882,99.540649
9.455086,53.344971
4.169815,27.620605
48.663048,1.94458
42.959732,47.843018
153.667892,119.419495
12.365242,101.350342
36.109238,53.883789
168.817322,241.574219
80.3936,94.823242
152.058624,87.43811
104.342285,49.267578
28.611069,22.721558
12.509129,75.230347
80.146591,75.195557
27.621277,94.08252
63.192245,14.589355
6.950615,40.423584
79.903366,60.423584
96.762177,145.33252
34.563328,27.34314
44.216873,8.088867
87.794525,97.934814
13.863926,66.61499
70.319504,10.227905
3.758987,24.448975
102.501953,137.499023
51.722546,29.756653
16.412159,73.619873
39.332825,58.880005
39.592834,19.111328
30.964859,4.133301
9.478401,20.994873
245.183868,235.591309
73.897736,60.173828
43.239967,51.281982
185.034851,146.28418
97.308075,117.827637
93.884521,13.026245
118.296021,55.599121
12.022797,77.407593
157.704651,141.762695
75.639969,10.178711
24.097626,90.004883
66.273766,108.103516
43.701683,12.756104
82.369522,128.839355
67.91468,51.96814
36.711784,4.498169
35.275215,22.340576
93.648071,69.509949
89.433197,39.707886
31.217739,87.856079
47.118477,10.688721
28.060837,16.446045
115.533676,109.462402
83.528481,86.911987
84.055191,57.169434
93.889038,34.216919
128.759247,75.074646
71.561684,42.723267
91.381363,128.849121
50.101166,19.80127
29.44133,42.094421
209.219269,89.343628
79.68956,10.093018
334.138092,80.814453
76.124542,72.073486
40.864365,111.095215
56.681675,41.55127
40.73447,36.303101
23.741985,41.94397
106.03019,102.504517
112.684143,270.799316
108.877777,96.529053
96.246033,145.675781
44.680923,13.525146
167.353836,80.456055
102.976135,2.633789
78.940323,73.954102
73.682831,59.455566
74.945427,57.844116
23.974686,55.143555
10.613224,33.780762
104.555031,88.982666
51.367805,47.688721
92.323715,46.237183
144.520477,48.378906
77.730698,86.127441
64.381783,27.535889
142.970612,35.551392
48.683754,76.3396
9.484741,61.125977
73.633484,10.313477
183.201447,143.862793
13.602051,102.044434
22.909454,51.030273
113.668709,117.658691
50.108948,148.460938
52.568417,58.425171
97.179535,62.800293
63.155167,55.699341
130.572784,69.870361
110.847282,39.703857
28.085785,164.646484
11.021992,76.179077
98.087891,46.13501
99.081261,83.128052
136.240005,4.184204
45.468666,18.026245
110.42173,154.062988
82.019699,101.013489
93.115387,225.545471
92.827278,94.998657
71.367508,167.940918
62.10981,21.469116
114.274117,4.826416
13.874405,10.846191
81.121826,54.504272
36.832588,56.572144
113.887466,129.904053
88.371582,7.825439
105.755699,109.827881
40.259323,166.67334
9.387939,21.853638
284.265106,174.023438
44.335457,14.407104
14.212196,45.509033
101.705818,73.713501
134.945251,25.767578
11.37674,80.124023
47.776718,94.729248
2.030502,44.96582
12.736389,3.049805
53.759743,56.199341
17.892509,19.384155
13.075302,57.806152
50.10421,63.540771
148.707062,60.300537
74.938805,20.741211
199.092529,102.137695
40.541,54.009521
41.742218,78.032715
19.739166,103.794922
114.963463,19.488403
123.878525,118.146484
16.480694,27.362915
54.721062,3.99939
150.462357,29.913086
31.544861,112.709961
45.360828,36.311157
155.53389,101.584229
38.316589,135.715088
74.639145,62.10144
84.339874,81.115234
29.436127,61.787598
137.987183,182.383301
91.430206,268.288574
170.257263,107.34082
60.501266,7.220703
86.511383,51.619629
49.102356,36.335449
53.027241,4.371826
66.395706,67.585693
83.868042,89.224121
7.866928,53.901001
29.97406,73.826538
68.857559,54.538086
62.68198,84.780518
98.509575,45.694824
92.561607,92.769653
20.158417,167.273315
102.316528,220.739258
29.724689,28.018066
77.964989,34.184692
141.68367,63.932129
55.077568,23.664307
89.15155,154.331543
74.661385,30.126709
40.44442,39.727539
19.33606,77.953369
44.498611,34.610596
203.824799,78.560303
87.858582,73.62854
40.375717,139.908691
57.127476,127.356812
86.452637,36.181396
92.745567,92.813721
61.320587,250.871582
23.032333,147.779785
114.343094,1.946411
13.582577,57.910034
10.58847,173.416016
225.545944,82.883301
77.321144,19.533325
70.658371,62.396545
97.311684,66.049316
103.186157,46.773926
30.110523,28.277832
66.824432,73.522339
65.283516,68.704712
51.014694,45.442505
115.481117,51.551636
45.334183,87.119141
58.539597,36.275146
31.471756,11.117065
98.133072,130.893799
123.997253,2.880737
183.685944,165.470215
132.305481,50.513672
76.810677,77.539612
121.910431,52.665894
49.848076,46.684326
59.326477,1.631348
15.234535,83.906006
70.84671,32.512268
14.851517,48.913208
137.812439,52.127441
127.644447,77.268799
25.583908,48.946533
48.587593,70.495422
1.310745,2.393311
16.32568,99.648193
6.483177,39.880127
37.701096,91.561768
55.297028,47.532715
61.630451,101.939453
70.973618,92.565186
10.935127,90.491821
12.930733,14.066772
68.115303,64.895142
33.773281,26.033569
95.006943,151.181152
14.718262,104.986084
105.627777,42.221436
14.992477,73.325256
109.195633,45.952148
77.379333,34.306519
168.232651,130.890625
85.332764,55.134766
9.338219,49.357178
39.752808,97.655762
49.16898,24.836914
41.646778,16.392212
39.351715,26.665283
70.344025,43.914062
24.717506,65.702271
17.410255,11.895325
86.058655,76.721069
100.67408,38.955322
83.608139,110.554443
14.333809,44.986694
61.338829,122.45874
34.600342,76.988037
24.903915,123.418457
150.155426,58.967041
2.914185,97.745117
61.170135,27.55542
40.684738,78.059082
35.797943,39.030273
110.515831,88.980225
19.07663,47.739502
45.004074,83.087402
71.102135,47.490845
56.759277,213.218262
65.306595,44.521729
108.894394,77.125732
20.577179,66.869385
82.117493,59.123535
61.46933,52.690063
40.4561,16.720703
83.750473,33.070801
82.592972,19.333618
236.217972,212.812012
128.386459,85.25708
77.945862,40.746094
55.122849,179.217041
67.982239,103.868896
186.837341,101.743164
12.280388,62.126343
38.641556,79.355957
48.764664,43.051025
109.317719,44.069092
41.696049,79.482422
124.841103,88.293335
14.976067,123.523438
101.305023,54.507202
34.140076,51.492676
132.586823,102.213989
34.798904,93.357422
54.918442,20.593262
34.096382,94.190063
99.707916,78.619141
66.261566,97.748779
62.933437,19.303345
85.963562,69.686768
103.407135,33.876709
26.602615,15.381104
45.583961,25.22467
92.641418,65.915405
100.108582,41.861328
8.411224,19.882568
61.883274,44.984619
49.990501,144.671997
108.199661,218.359863
86.749969,82.544434
49.892181,181.700684
124.608757,28.317627
102.789978,59.932434
137.602829,67.04187
190.806641,132.73291
88.222473,117.235474
73.046143,50.473022
64.903854,55.778809
57.757614,32.955078
26.073898,26.370483
210.955002,166.782837
95.884735,28.039062
85.779076,131.310425
16.933777,22.578613
12.576126,56.464722
226.169464,169.457031
60.33115,97.12439
27.945969,56.386353
182.693787,225.942871
28.861473,8.09082
116.295074,12.142578
86.607224,4.622559
86.143951,81.568848
7.431305,57.529785
97.979752,103.757324
131.658188,172.885254
182.610352,128.803711
120.730217,35.266724
99.307663,76.093384
21.151802,49.201538
63.97781,58.298645
34.270813,82.667847
87.750061,148.737305
205.62262,226.220215
5.973663,106.225586
69.337097,70.007568
132.272476,25.266357
11.222263,18.916138
121.362213,36.728027
83.589592,54.60083
61.738815,50.251221
154.383499,75.62854
95.072456,29.95874
24.705879,11.772949
27.192245,27.171143
106.236649,99.233398
70.516251,63.220703
28.252701,81.653564
33.816109,30.026978
54.135544,76.260498
86.035782,41.110779
36.103806,1.978149
76.405396,150.287354
45.26059,15.645264
61.248833,29.089111
5.824265,132.925293
78.409653,175.77417
119.862274,61.526855
43.679863,51.291748
48.664295,37.198608
57.019058,138.186035
1.465073,109.191406
97.08371,40.396362
35.393402,24.226074
76.613556,92.299316
108.033051,45.923096
39.006016,51.315063
36.531769,72.063477
102.024582,111.591919
30.708488,115.146118
77.337914,64.477051
23.44072,82.085754
11.134663,100.861816
13.95018,37.049805
93.90773,50.403564
91.056961,69.485352
4.875046,81.173096
106.439774,27.42334
54.827164,63.724854
16.634109,85.347656
39.355423,73.189941
48.954414,48.168213
86.858978,118.63623
86.669662,5.519287
10.705307,81.467163
96.977051,108.112549
105.560112,84.866577
74.035103,85.983887
9.622375,36.594238
10.046631,18.653076
196.159515,109.241455
27.133446,133.494995
40.014244,26.104736
3.894775,145.556396
20.003876,39.922852
132.267487,204.625
76.522781,45.727539
53.361885,57.52356
66.389427,22.387207
26.228325,6.418701
51.812759,112.928711
37.38319,55.7323
110.278351,60.388184
16.453304,57.27002
58.812157,75.849854
38.645447,67.488037
52.804642,37.080933
46.679047,101.372559
111.923737,132.569824
82.968536,29.522217
72.910034,113.329346
45.089184,105.515869
55.594505,69.914307
47.853943,29.446289
47.918373,88.907959
13.725655,49.09375
194.643311,145.714844
43.523331,50.13501
45.306541,56.133057
68.517288,151.177246
22.512344,68.612549
76.757645,43.677979
68.042061,62.838135
74.376358,78.972412
17.875717,12.989258
62.909462,77.452087
21.343983,67.154297
129.196045,113.061279
98.818863,53.530762
96.404427,33.047852
73.995483,85.448242
65.472542,40.062256
140.780746,87.604492
96.912766,74.886963
163.983917,55.992676
38.152508,56.742554
67.342606,25.339355
21.777779,8.202393
88.425171,305.762207
198.689682,55.99707
147.269882,93.001221
60.189079,54.033325
40.78051,21.177124
103.402679,98.174805
102.891556,108.616211
65.468262,14.307617
156.150101,45.524902
178.199097,171.318359
101.634178,34.523193
102.95575,22.389648
41.156124,26.780884
26.336189,38.17334
44.894432,65.602417
28.556046,86.346436
93.22702,169.208984
88.883057,101.288086
52.320755,44.336914
93.782104,77.201294
35.246231,43.910889
91.832596,109.969727
50.393963,31.855103
60.091637,11.313477
10.974503,38.067627
20.109241,78.768433
59.694664,68.062378
75.24176,52.928955
92.774902,167.689697
84.067093,117.901367
127.97467,55.913574
74.798538,72.156616
76.587097,64.095398
80.477905,44.826294
44.591454,24.908936
17.224556,100.642822
77.99942,51.175659
2.389557,44.927734
92.159561,105.380127
4.699486,180.671143
119.854958,83.091431
71.957809,61.419556
124.191666,28.085938
79.784561,88.138184
35.546173,36.064941
42.053131,35.281006
37.139771,124.205566
117.264191,192.525391
21.732735,84.770752
13.581322,27.304932
92.99308,64.275635
127.189758,40.883545
103.848724,89.381348
8.098343,88.289429
8.341297,72.914795
40.519913,91.415771
79.654114,50.18103
43.376675,25.645813
17.741966,2.431274
174.828522,294.699219
21.440636,35.231445
66.182755,76.174927
14.791504,149.434082
42.06155,91.08252
14.981434,84.327148
62.307373,70.662109
86.681709,42.605591
26.085873,47.928345
27.492641,10.368042
13.651012,136.547363
38.846523,22.719971
191.775482,182.853516
79.040405,43.600464
50.249611,44.704163
52.288002,77.565186
155.32045,28.188477
5.947098,36.175171
28.948299,76.190063
126.440399,23.965332
60.006222,36.380005
21.036713,48.500977
294.900482,75.277344
154.167282,81.347656
129.695465,21.104248
115.351974,17.676392
96.03627,149.435059
101.05468,40.033936
74.293556,34.813965
28.306194,10.951416
95.183548,74.240234
32.470116,82.066772
143.151154,37.889648
100.311798,95.066406
171.612762,48.394531
24.603897,44.912415
48.264854,18.57959
175.913239,32.683472
65.07724,105.155396
52.988518,111.318848
30.520981,65.101074
151.939819,8.263184
34.896088,51.543213
55.727242,75.745605
99.312653,147.854004
159.716507,136.507324
86.757462,76.945557
55.077087,148.264648
15.924744,44.597168
181.332687,214.276367
90.809311,71.885864
71.297134,114.700928
144.946198,107.484863
12.536438,46.672852
55.238953,86.220703
30.645111,4.643555
58.164604,2.910889
14.613319,17.594727
35.821953,14.75
40.558716,23.869385
110.905655,106.587891
24.696808,22.692871
7.391907,55.01001
55.868088,27.999756
100.760597,140.328491
69.829865,93.338379
15.80629,82.665894
9.430702,61.206787
144.719513,89.250977
99.832062,48.733276
50.576065,133.654297
64.92067,88.145508
95.194061,66.817627
96.505096,91.847534
138.901688,90.739014
96.062592,89.898926
17.009933,4.54126
110.027222,98.191284
93.206497,88.696045
53.924576,16.787476
65.036781,97.63916
129.328644,23.320312
6.069569,28.423035
21.696091,23.033447
95.155396,69.277832
74.17955,67.700073
95.117447,78.234131
59.988792,52.820557
53.209244,143.991211
144.132141,145.983887
147.923721,155.583862
116.27066,34.686096
165.543243,196.022949
25.634258,15.324829
23.667683,63.678345
53.998306,108.462891
43.324059,19.619141
37.046394,128.664062
130.390244,87.636841
70.066597,58.374146
33.564438,41.542236
115.477921,68.182373
45.9897,131.020508
46.73111,8.011414
113.444984,93.382202
17.818054,58.218262
47.059105,34.725464
185.168716,54.950195
81.920776,107.872314
52.663689,24.632324
26.371883,77.473511
204.83075,104.733643
33.945389,26.181641
160.53331,138.964844
205.757446,131.257812
116.469025,97.454102
8.177612,114.114258
64.187294,110.792236
91.174042,53.604614
19.561749,65.334961
70.907318,104.836914
3.440689,70.845703
16.672333,88.561279
101.51413,159.795898
110.914787,78.366211
64.445587,99.175781
31.105686,54.530212
53.541245,86.64209
141.077209,125.352295
106.118134,33.040039
43.320175,146.087646
50.483582,24.965332
90.496918,35.069336
108.82679,57.731445
19.505447,136.340576
34.420151,56.932861
48.474453,41.241577
52.954906,6.889282
24.454224,49.129395
33.365025,67.829224
84.399292,10.841309
21.45599,35.863586
127.430008,68.804443
36.032684,73.072754
106.640564,113.033386
85.983124,78.70874
37.75425,100.919434
30.065964,36.34375
21.292145,123.868652
20.321236,78.595093
157.171509,133.900391
135.473419,70.250732
64.384735,49.329102
84.834503,38.690796
72.004944,110.089355
52.468426,49.917786
34.156258,46.134155
59.332489,86.447754
27.321442,71.465332
36.980927,5.164062
9.294853,75.0354
104.770767,132.479492
92.241692,40.122437
237.076385,205.638672
16.695477,32.103271
10.886391,74.595276
56.215237,38.931519
105.365669,101.857666
8.612793,126.202881
149.546326,73.765137
38.71431,67.6427
123.764496,57.408203
126.895264,94.874023
75.302338,19.242676
149.452316,51.596924
45.054169,78.668457
188.90625,164.546875
91.537697,97.262573
268.920807,116.563477
114.937439,109.540039
113.279007,58.107178
119.630051,89.079102
5.12027,63.173584
87.834061,19.588623
61.891953,73.112793
120.616486,143.324219
129.072968,85.114502
13.112217,47.908936
162.048859,8.413452
47.250214,31.398682
94.201447,61.088379
55.177021,44.810303
18.739258,92.498535
67.695953,60.746338
166.972229,182.633789
202.761292,96.860352
14.206909,42.147949
20.761986,60.304932
11.37907,103.873291
26.339294,46.949951
50.964027,21.187134
239.181519,185.41748
23.905602,69.362183
69.273438,100.16333
26.240253,122.870361
71.225967,119.545654
129.782471,112.104614
13.625229,81.991455
57.418388,13.101685
77.332901,10.035034
50.483097,29.853027
77.874626,67.966064
129.92186,42.399414
35.040306,26.217773
38.347504,158.222656
118.763809,102.112061
46.208111,62.066589
24.489777,50.295532
59.095604,101.719604
3.522484,113.096313
111.433929,52.456299
159.558746,92.55188
56.01746,58.735535
126.010254,145.010742
82.735558,102.179321
1.732727,95.414551
135.990204,62.276001
81.748329,53.07251
23.574608,70.648193
97.369598,76.422974
100.356079,75.854004
76.9254,141.096191
27.401485,38.516602
147.480713,69.819336
138.842499,121.300903
50.641487,100.140625
18.147263,33.851807
65.117264,96.228271
191.931015,114.04541
137.829422,64.881348
116.855682,131.266602
211.393814,46.641602
65.332008,46.9375
37.709503,37.928467
17.407547,57.621094
32.657913,103.559326
65.366737,50.304443
177.916779,41.442627
81.110558,40.976807
258.159668,96.740234
51.114071,16.643555
50.106567,41.626282
57.924553,52.328796
97.352829,64.233765
94.022469,149.315186
115.769165,67.082764
65.676506,25.123779
85.55925,58.793701
97.849464,83.909363
71.432892,268.024902
177.972885,121.964844
159.313141,84.416382
98.313278,285.70752
35.557888,38.115112
57.852551,82.140381
32.707851,25.1651
24.260906,101.357788
80.906998,23.978271
52.62117,30.414062
47.469013,24.482422
30.450161,15.266113
92.532257,17.476074
75.915985,68.303711
127.383423,37.879639
16.6651,162.04248
43.719315,15.904907
25.527042,37.184937
41.658417,80.866211
24.869862,19.461182
76.539993,108.626343
118.946136,116.536255
17.821735,31.578369
168.882874,86.875244
26.998241,22.616821
108.464294,8.829102
43.675621,52.170044
90.465469,77.774658
188.763306,51.378174
87.65332,93.6875
34.612427,21.240173
45.249031,21.523926
43.148308,34.227539
78.535263,45.048706
76.137192,57.744141
132.154831,59.862793
15.456341,28.651672
90.163849,92.077881
54.631813,44.535278
37.240402,58.365112
49.981899,49.714478
60.096481,52.402954
26.098358,13.34436
174.431137,62.255859
62.764397,60.010559
17.125664,83.067505
30.386856,177.537598
39.542831,57.610962
62.96954,2.793884
42.40514,40.992554
123.977936,159.980957
95.44928,60.179993
62.753685,27.239014
63.500488,115.108887
79.672226,117.489258
104.754616,23.609863
53.40678,29.031555
66.641884,57.314697
76.967178,121.732666
31.025101,75.977783
36.562668,61.833862
213.84906,155.057617
165.24736,71.61377
57.863487,62.393677
28.140526,33.719116
102.391937,78.661011
10.321884,11.938232
66.838326,128.458496
17.708782,5.745361
110.387726,126.27832
74.619377,55.338013
25.096569,52.764587
8.146622,44.325195
156.764343,237.402832
11.176849,74.528564
25.622589,116.231934
67.276398,23.556335
73.113739,83.5
118.120422,3.656006
97.910339,100.343445
5.761475,9.944824
56.58007,46.714355
70.579254,171.770996
165.522507,107.657471
28.920845,29.967651
58.631546,44.795532
168.884674,160.041504
59.755363,37.2146
43.219589,34.765137
69.922104,103.913574
3.754028,31.545898
59.379593,71.692383
33.198238,44.571594
11.314819,262.581055
52.017506,104.366333
119.522614,58.450562
108.798164,19.683838
70.031738,49.81311
58.001335,132.812012
22.897568,47.569092
31.9123,35.759521
217.016968,65.875
41.613037,52.898926
4.044258,39.627197
8.319733,150.104736
4.681496,64.590576
155.702087,58.41333
54.405128,55.744629
103.025604,55.00354
76.341797,188.249512
100.063416,94.134766
36.259842,50.997559
121.834457,26.31665
125.012527,110.567383
29.39032,137.279785
38.78981,6.2229
28.039108,51.470276
72.363815,28.286865
85.263474,30.534485
112.351105,76.74707
33.727806,82.308838
8.351463,30.683594
94.602402,9.988525
194.946548,103.412598
1.687489,52.599365
114.453491,155.224609
30.951099,58.666382
74.815186,20.146118
162.520248,89.019287
58.398346,235.593262
58.858795,75.071289
18.124096,24.818848
38.294971,69.080688
17.276711,85.924438
67.530075,45.41687
122.97506,50.990234
65.685364,68.008179
228.383713,201.514648
65.362915,16.247192
34.218834,20.589844
15.82357,68.345703
78.72403,26.185547
111.696861,94.805664
20.027191,18.825195
93.25058,118.089355
96.142036,21.459961
121.639748,53.815918
27.380096,59.939819
76.063446,63.4646
48.484222,97.144531
79.471474,53.759399
89.015198,124.324402
49.287582,22.733643
78.647034,36.781372
53.992039,45.3396
105.047974,44.146973
103.887726,9.557495
21.319588,20.88446
89.538467,43.09436
9.007565,81.766357
42.692833,59.235596
51.8862,38.560059
157.245712,70.720947
48.668625,2.242798
187.051834,169.371582
71.006432,9.62439
96.578415,93.252197
75.278641,115.165527
37.128197,51.092041
78.051804,81.386963
19.999252,11.239319
43.712402,78.873779
29.347679,46.30957
24.653053,69.394775
2.700356,34.674561
36.568924,65.379761
109.39975,5.390503
27.914993,23.375244
115.938873,42.98877
54.706299,60.481934
49.357494,5.441772
31.635712,18.503662
35.279823,59.340454
12.630753,77.69873
297.174988,213.93457
26.713604,59.419006
61.550308,23.928467
2.955837,93.364868
19.629089,26.141357
51.910454,97.847412
77.187836,30.915161
161.385315,55.623291
213.276245,196.098145
127.574326,52.272217
49.773846,38.817261
165.766937,120.224121
56.178661,85.730225
83.531075,14.903564
156.718353,192.95752
22.241928,51.32074
87.229279,231.439941
63.118992,45.249878
94.072983,101.065674
135.237091,92.171509
48.151611,24.219727
93.717026,119.110107
84.771362,267.453125
123.196442,58.17749
52.687561,223.088867
27.524929,96.316528
117.644363,90.210876
6.650841,103.658203
16.155914,125.11084
50.924522,58.172119
59.433994,49.864502
110.523972,43.927979
4.087608,17.54126
76.534866,84.838867
120.504692,156.492188
108.401207,82.48584
71.635254,59.63623
190.418945,38.53125
181.883972,101.401367
121.5839,26.843018
64.690407,122.732056
161.872299,36.101318
91.645782,78.473633
69.14119,33.251953
8.306995,4.333374
63.908127,103.384033
104.594193,31.939453
168.659439,173.680664
42.330368,83.908203
25.880707,26.943726
189.941757,77.992676
172.030533,116.437012
111.735382,128.695801
32.216232,5.461426
58.66095,41.335693
59.911095,47.038818
55.564026,59.223755
119.6008,62.442627
37.007507,122.013916
55.359825,36.671143
76.398262,87.115601
177.778687,79.591797
30.88163,103.821533
2.089142,114.475586
174.388626,88.614014
156.87352,152.367188
132.681564,79.814453
37.294827,32.954285
37.590927,56.237793
45.364548,71.27832
56.919769,133.797363
15.286285,25.116699
30.445953,71.051025
176.22345,16.658691
102.892929,98.486572
51.458359,73.357544
14.909882,10.058472
39.952179,37.236816
109.503082,84.063965
34.89204,32.366821
36.707893,79.950928
11.933643,66.516785
105.920074,116.804688
35.941475,64.371704
41.533463,49.488892
176.3983,147.37085
117.562332,122.411621
80.335449,80.476318
123.413437,78.784302
50.013493,52.103577
8.808182,16.649658
153.290924,86.231445
90.258469,165.505859
127.200287,137.075684
86.719208,83.68689
162.20372,116.101318
67.429276,54.085449
59.6091,73.984863
107.484116,29.727051
93.257759,78.233643
83.482956,9.269531
185.870209,59.523926
166.106033,71.887695
68.725571,52.937012
15.94693,45.648926
124.070541,20.263672
164.962326,135.368652
77.380981,59.631348
88.964355,159.692383
149.067871,116.340942
83.661362,1.744385
64.639862,26.33783
45.302261,66.203369
90.738678,4.998962
62.645111,58.974854
107.891678,95.893066
101.152206,71.052734
78.433784,90.65625
32.414978,127.593018
24.052101,51.085815
58.882523,71.702026
80.608078,47.381104
144.216797,126.152832
117.161102,70.35083
76.095245,11.125488
105.099579,180.736816
40.672638,8.108398
128.483368,41.869385
13.121307,113.72168
29.869141,12.542236
52.585724,34.315186
8.200424,95.873291
26.301559,6.989258
104.137146,75.524902
58.25222,23.898071
115.913765,111.540771
52.000465,24.455566
107.010124,51.016113
35.42691,194.779785
46.244713,34.021606
90.220032,50.124268
42.980209,66.441406
43.872501,18.099487
36.360992,28.90918
38.829956,25.088745
4.52063,44.407471
73.045334,73.621094
49.940651,23.020142
15.578346,65.946289
158.688766,188.325195
139.163239,200.678833
1.7901,49.129028
58.802475,52.533691
80.503098,12.907837
231.887329,28.234863
118.662262,226.508789
56.923504,122.956421
115.464752,102.205933
64.506538,150.345947
71.909431,30.620667
33.679276,11.513062
103.111076,33.703308
117.817688,149.378418
43.809326,132.900146
76.628632,63.365112
64.259041,15.059448
122.168121,17.105469
110.904015,54.67749
30.016876,137.446289
140.185364,32.355469
75.612099,104.037842
28.961174,55.809326
84.060471,171.161133
150.452759,85.974976
118.280167,80.661133
93.751122,73.702515
81.099899,198.292969
44.870148,31.140503
86.610222,56.52887
43.107216,59.557739
89.082199,71.182129
181.17627,157.678711
57.723919,96.903564
2.051971,72.440186
94.405411,40.489258
55.306564,83.413208
30.115646,106.393799
22.49601,78.964844
122.883308,37.073486
67.356888,44.535889
101.542328,18.25708
45.055069,35.00177
73.853561,38.794678
48.199375,21.202148
81.785431,125.702148
100.166931,114.490234
40.575417,42.961182
81.167725,7.689697
63.264511,56.688477
40.640274,103.745361
122.915321,112.952393
14.841423,37.061768
106.008018,154.915771
91.903397,48.167114
103.225998,80.597412
89.656281,275.397461
41.534416,25.897705
35.911804,51.232056
32.642899,66.787354
178.674469,113.456421
59.796921,61.490356
34.016663,65.322632
68.336258,205.101074
5.59761,123.864258
39.512402,12.178955
63.98637,69.420776
90.081116,37.543335
18.223663,47.579102
126.338165,81.877686
26.608681,25.8125
27.428677,67.610596
57.876389,225.390625
71.702347,20.726318
116.82991,130.999634
36.227211,10.66333
152.531158,110.933594
60.523586,65.921753
67.636726,12.930298
82.763397,42.11145
73.216293,113.912415
115.965004,15.325562
22.033806,34.299072
57.745132,69.273865
111.479256,102.37146
29.433559,29.045044
44.721733,42.619995
41.447777,55.539185
72.690384,104.961365
123.857483,77.187744
69.332481,54.161377
65.098343,64.654907
75.695435,178.758301
1.739937,31.718628
132.790512,60.425537
121.839424,57.272461
121.720596,105.899414
62.692513,19.348145
27.546741,28.211426
136.250092,196.197266
39.148308,71.574463
61.011246,85.358398
15.270782,104.520142
171.570892,170.606445
83.84166,66.890625
2.427704,19.007324
69.00119,47.160278
126.11068,75.421875
33.442703,74.175781
226.686096,138.301758
141.186493,73.548218
71.632492,64.525391
146.575562,106.353516
41.151794,79.225098
135.796997,7.120239
62.862057,31.75708
75.72374,89.814941
63.13826,59.650024
66.740097,84.156006
68.905441,27.787964
58.576813,27.282715
15.884254,51.681519
67.363297,42.227417
253.625473,143.022949
94.004013,76.426331
222.74115,85.723633
17.209534,38.298828
114.833633,153.970459
2.85202,8.710449
114.949127,188.708496
100.315254,46.579468
60.230255,65.37793
40.248169,14.581787
95.208839,71.190796
95.427231,66.9646
25.806152,10.914551
19.414444,24.005981
151.904358,2.507324
89.172882,119.758789
4.167793,115.180176
28.835957,75.169312
160.956161,9.075684
19.770508,45.119873
79.59613,39.70874
79.168427,103.786865
35.790199,48.472778
104.002251,103.476807
117.034149,192.93457
22.502747,85.546143
92.028687,46.11853
150.603241,104.254883
65.535255,35.102539
59.460819,6.809448
41.704903,14.520508
39.662567,21.841675
66.505669,54.184448
19.084499,15.531677
418.101105,321.911621
54.025429,72.638916
61.772636,41.064453
53.407726,40.895508
21.052155,19.34729
109.969521,42.41333
34.422676,132.452637
21.019917,54.000122
22.953922,67.137878
56.189545,77.331055
83.40007,65.260376
35.820946,13.228394
53.647163,53.61792
44.038166,61.240601
66.279831,84.798096
24.462906,116.674316
118.061279,187.163574
114.203026,74.324951
114.090103,195.885315
75.186501,49.529907
60.591995,47.528442
52.333614,101.095825
55.245274,4.682129
121.68425,78.827942
67.999565,92.23584
161.250015,165.133789
313.4505,79.506836
88.459366,158.023926
56.703995,75.558594
82.699974,21.822754
89.813179,118.739624
83.489807,53.137085
100.931442,71.655518
149.129547,76.49646
14.321674,54.794434
28.317768,48.962158
139.331299,185.680664
32.309189,68.961792
26.150314,10.234619
63.029716,134.378418
23.007629,108.902344
84.064041,45.231812
61.057037,122.63269
38.4216,17.303223
194.390106,137.743652
57.657059,61.096436
34.961479,54.846313
108.978592,259.365723
160.083313,182.734863
64.755524,40.415283
34.565239,4.713135
29.623291,153.312012
54.947914,45.829956
107.550842,41.387207
28.635513,112.299805
72.100365,28.595215
26.77536,17.070312
68.201187,34.074829
45.360004,72.324463
33.840347,27.321411
28.243713,67.705078
200.807037,171.239746
109.080765,56.334229
87.673119,11.064331
99.775391,83.834473
75.609932,65.256592
121.348175,32.470459
155.749817,60.644409
120.274261,314.230469
60.346062,14.448853
1.413807,15.978149
82.181015,21.986816
102.540115,47.922852
129.377747,62.032959
11.556915,24.746094
10.219681,128.608398
87.412666,57.64563
46.070709,41.367676
203.571976,13.047852
27.066833,5.091187
29.983612,112.202148
37.98312,73.743286
84.331551,51.062378
72.010818,86.744873
138.350693,74.463257
61.896614,25.199219
92.916199,24.167969
40.159504,101.72522
113.822739,99.45874
96.807953,35.369385
7.58271,82.469971
69.57341,91.580933
153.886887,115.176758
70.863815,119.539062
1.312366,44.56604
15.714508,119.329346
52.21743,140.961548
20.032219,83.75293
14.294662,51.790894
42.495148,25.87085
83.510818,16.860107
218.863632,115.708862
267.440155,189.59375
74.193092,38.93866
79.639328,118.937012
14.621262,57.139404
21.005985,58.335571
93.144257,40.682251
33.623344,5.995117
21.077667,71.793945
55.827457,88.402954
183.586563,80.08374
155.035904,148.475464
137.143997,78.031982
107.377792,112.740479
22.631897,44.134644
66.508186,3.350891
29.830101,105.133789
182.133209,7.77356
62.957901,31.443848
82.136765,123.464111
37.979549,1.613037
4.558758,48.536499
128.196747,3.064392
73.094246,75.300415
54.778454,70.871094
73.818932,35.214844
3.406509,113.257568
116.885941,37.803101
35.504227,10.249512
109.36232,130.233398
64.611992,69.258789
122.960777,26.911377
11.911964,82.000854
146.241913,90.806641
97.407539,40.32251
104.86187,36.650269
72.110718,85.710938
44.691528,67.917847
46.187534,27.846313
4.2878,28.293823
75.242798,27.949219
83.574844,78.841919
17.519402,80.596924
44.060966,84.510742
100.719208,8.543457
6.219376,33.4505
6.886703,169.706055
92.077705,44.219971
5.231926,33.189331
67.608772,41.802856
21.094265,76.870361
63.832962,70.845337
95.794403,47.790283
156.811356,61.635498
63.937164,36.123413
125.996201,105.584229
48.294212,70.804077
165.979156,30.497559
30.127022,60.153564
88.875137,96.911926
10.100723,96.53186
99.242546,31.991699
39.390457,69.166016
71.098007,115.22699
63.151665,125.54126
55.587368,42.875061
41.89484,162.254028
44.786102,109.555298
31.249126,28.689575
41.683502,20.369629
29.827106,40.441528
35.994682,14.236328
85.928024,65.621521
167.933731,82.19873
287.803589,260.89502
134.995239,46.112183
39.511932,42.43457
216.671722,116.796387
152.086563,86.198486
208.818146,150.82666
161.37619,57.481384
84.059921,31.323853
83.106529,47.85144
1.223198,22.46936
62.891506,24.387329
110.551369,132.070312
16.446953,154.13916
25.384396,74.409546
17.051231,25.387817
55.748348,67.129272
120.033539,113.06543
39.750038,92.420288
131.582764,75.961426
33.220245,24.16748
152.248474,178.544922
77.288223,174.497314
47.09798,12.18811
89.952568,46.174744
84.409607,217.293457
51.326897,12.011963
73.653656,104.07666
57.698257,152.17041
79.941803,89.86377
210.453583,144.590332
187.347031,159.210449
237.929749,182.432007
59.328461,145.73584
117.557434,207.254883
34.751099,50.27417
36.348171,34.718689
178.785294,91.969727
236.262772,44.739258
87.8452,66.700928
20.429115,84.21167
83.670845,120.063538
66.93132,12.483398
115.619644,41.790222
47.51825,3.257324
36.143089,15.537109
121.07692,77.261719
114.47084,77.228882
109.944153,71.224609
40.391785,93.887695
100.633881,198.787354
47.477554,85.220825
55.871971,120.966309
21.767056,42.31604
174.067581,141.232422
255.363968,202.456543
32.475327,12.861816
267.185669,253.302734
244.864105,218.458984
54.736382,29.412109
58.757599,47.348389
130.696808,109.822998
108.949722,13.951965
129.712753,97.335449
138.981873,272.893066
30.851288,38.164062
103.659439,77.988892
87.865639,73.770996
20.64119,38.20813
140.79541,72.403748
49.479019,83.692871
25.318581,65.062561
129.580627,196.42627
59.123688,18.984375
10.859829,41.039062
63.624901,54.466797
50.737087,29.821411
61.569199,99.772949
14.406792,75.037109
185.279861,44.513184
49.815559,74.203613
70.930634,14.379639
77.762299,73.325928
49.26614,78.333374
86.774109,122.811523
4.91325,40.250366
2.380959,58.251953
137.834152,178.355469
6.93988,79.285156
68.083527,9.286621
138.999237,64.262695
92.988388,82.337891
33.985428,10.606201
133.763153,54.048096
64.722031,35.17627
167.874908,107.036133
145.005966,124.920166
100.547684,49.182739
169.472153,131.777832
184.809998,90.650879
3.413811,2.349854
9.744362,55.412537
35.479523,79.296875
35.946484,29.232361
29.619476,55.103394
116.049545,24.806152
25.697586,130.568115
22.910194,80.021118
159.874786,105.579224
19.369873,64.143799
28.687199,127.500244
59.952271,79.203125
135.703873,131.665527
84.194809,54.684082
49.017822,79.069824
108.071884,104.884277
28.683372,85.12793
74.302429,65.636597
77.127449,44.918945
159.909378,69.568359
163.34024,163.506348
137.09639,79.537598
122.69532,104.713013
101.488945,76.54541
140.70137,29.904297
4.494049,239.416016
89.858627,63.581055
134.879013,121.350342
180.863098,58.345093
14.591637,67.905762
81.254196,99.42688
58.266403,34.726807
22.149548,26.516235
100.532654,145.573242
111.057686,22.275391
97.532166,29.471252
35.733307,27.512207
5.861237,42.714844
64.502968,37.808105
25.547806,115.366699
20.263863,67.035278
127.502472,60.576172
30.954048,8.876221
102.445099,137.116699
14.975739,50.179688
43.7285,50.81897
172.76532,190.234863
62.876175,57.586914
57.537514,41.985962
56.738098,50.030396
101.006363,69.696289
95.923965,20.17749
134.802597,15.616638
78.067627,49.039429
1.288429,25.463135
248.167465,105.250977
1.592056,39.047485
11.172256,19.327881
34.5811,67.854614
4.330032,85.224609
69.454025,137.591309
12.966354,173.545898
99.029953,29.955322
63.710831,84.555359
82.892822,65.474121
89.294479,28.267334
184.695679,118.809326
97.921463,53.330566
50.758881,85.964355
74.458435,3.328613
69.737778,3.537109
5.848526,64.812256
31.887718,54.91748
197.446533,156.639648
26.871059,62.372192
75.990952,61.674561
86.42923,72.294434
10.705551,91.899658
42.536392,137.896484
161.786087,186.183105
3.193588,154.136719
76.629044,111.894043
109.456917,11.481567
26.31813,25.806885
50.864994,61.110596
103.95417,74.081177
75.149719,44.12207
72.109024,22.999023
9.488327,25.895508
64.191833,39.550781
46.078964,47.118286
92.705391,97.419189
20.381897,2.401245
69.986717,31.116211
98.139374,146.447754
62.988304,171.508301
66.916153,106.667236
215.75592,282.368164
109.092957,97.181152
25.460632,18.788086
65.314201,69.375977
85.483398,47.294434
51.920837,30.253296
24.808365,55.733398
23.243748,8.011841
63.855797,20.007568
56.102089,56.865967
50.917801,28.540771
53.667343,11.563477
148.249649,74.03186
175.225037,189.689087
19.48381,6.660278
22.404663,14.094604
250.941925,250.737305
57.447189,80.407104
74.786133,139.662598
70.893295,59.635071
102.654076,70.94342
113.706635,44.749268
112.061073,71.977051
44.040112,55.321167
37.250835,25.31366
94.499573,57.410522
148.221024,14.187988
116.482605,113.288574
41.208908,168.624268
72.387772,12.602417
34.636383,168.375977
62.765022,106.408569
119.863655,113.750977
68.994812,72.306885
94.309479,63.20752
50.86377,33.348694
156.84726,142.417236
143.163376,162.632812
36.886719,86.780273
4.033112,50.703369
14.484406,92.314453
22.090229,36.678955
101.127357,37.275757
38.867508,90.591187
268.788696,143.529297
87.483002,146.574951
10.945732,11.593018
69.676384,59.215698
92.716232,84.522217
59.273788,64.71521
92.166801,128.77124
70.243881,40.484131
82.208069,92.494507
57.234802,137.034668
129.8181,73.8302
266.277283,116.62793
7.74955,49.698242
88.065033,160.696777
124.569504,127.690063
44.774696,12.309326
61.748955,82.324707
108.46701,68.165527
45.580643,97.185669
141.987839,67.637695
67.921555,67.153198
12.998203,85.064209
37.736481,162.346191
44.628937,32.059082
56.708511,89.719238
105.567627,70.904297
64.152344,15.69873
83.528877,55.777954
43.881096,49.978821
32.934322,22.334412
9.245285,117.785645
12.903412,103.758301
96.762222,107.953369
72.751587,17.679932
101.813278,32.285645
97.487579,30.344482
12.780884,43.036621
11.993382,44.113403
211.111969,133.495605
96.475998,86.612915
72.982803,107.266357
38.853477,48.875488
80.759064,181.895996
65.883942,24.75
58.776257,60.074829
77.709564,86.109497
100.231659,99.993164
48.682495,100.749756
80.410324,55.549316
65.490936,9.813843
95.537537,31.626831
2.758503,50.050415
81.960075,132.356079
67.561172,5.322266
136.932541,102.748779
58.439976,96.555054
10.048233,46.439819
27.969879,25.700806
196.39209,160.249512
91.113556,170.898926
32.671638,54.050659
31.952198,44.531738
175.3909,115.948853
71.657654,81.827881
58.786629,105.16748
174.98967,136.888672
16.99279,80.552612
136.358093,68.681396
67.590111,63.732666
1.239754,33.493774
55.730579,61.661865
73.640617,44.82251
219.696777,188.950684
25.709518,127.524414
103.590637,20.651245
159.608551,152.378418
40.259167,54.665283
93.811111,32.715332
39.578751,91.029785
93.275726,32.394653
314.092224,196.486328
110.572701,17.087463
26.712715,48.862671
60.086494,54.458618
16.123512,45.09375
82.847809,34.211792
127.04953,161.903564
122.666763,77.508301
108.472237,56.138672
50.837906,34.871826
52.094593,32.320374
96.753967,151.991821
67.13356,27.620605
104.962067,100.600464
77.021317,84.227539
89.178604,113.774414
51.62561,20.744385
13.532974,28.646729
56.176331,34.89209
74.783394,87.46875
71.717194,40.998169
322.442871,227.866211
75.750092,63.5177
104.34259,67.39502
103.666824,110.205322
53.535324,81.840332
5.661774,68.383911
33.547356,27.438049
95.202438,205.555664
222.104767,213.539551
32.277496,28.585205
40.935509,30.057373
50.443863,15.426758
43.722176,90.046021
152.804901,147.664062
59.497955,103.158447
58.730515,4.569214
48.306408,54.255493
17.553406,3.232422
70.263557,82.103516
146.583954,29.741211
32.053875,44.278687
81.433197,130.751953
6.226616,3.030518
16.223705,61.57373
2.895302,47.50354
13.472031,40.199219
29.415649,60.171143
93.818604,35.023193
69.37928,124.891846
129.789413,56.095337
53.641022,58.25415
11.867332,87.634155
36.15168,42.735291
19.266129,121.773193
133.424438,16.55249
1.2164,33.95459
56.725636,65.72168
168.481506,134.645996
84.676392,38.765808
70.555542,290.48291
90.582581,62.740479
83.470329,27.575562
153.180237,78.734863
166.482147,110.203125
53.748363,82.053955
106.699684,133.043213
33.176491,120.511963
31.625328,44.030029
99.11393,22.378662
28.725166,115.913452
67.21933,8.161621
4.559578,74.471802
4.899097,19.338135
62.692711,35.360596
118.03981,153.943604
39.795361,83.833618
50.33432,10.874756
88.079803,50.250549
77.623749,42.011719
123.514313,131.788086
38.017609,6.132812
110.269478,104.24353
16.040703,22.062988
16.664886,83.035645
24.985851,49.050171
81.107819,145.040039
14.18084,99.080688
71.46003,76.913696
51.106667,20.084717
97.164215,37.541138
65.830002,27.654663
22.413322,100.746094
74.808212,23.035278
107.668457,130.228149
85.313553,94.64502
123.373001,34.240356
71.941315,115.470703
71.914948,74.088135
81.294525,65.044189
74.628983,15.352905
46.798729,101.450928
109.017265,87.688843
55.733246,42.56665
19.817993,142.792969
104.624184,125.685059
83.582108,18.263794
74.562531,14.410645
57.716621,100.502136
10.510445,37.81543
62.956802,30.255371
194.573212,210.845703
79.391701,86.075439
36.533722,66.071045
62.587898,6.452148
100.135193,188.420898
69.090958,7.774902
58.651932,12.399658
155.733276,57.192383
37.428368,51.242432
61.158058,77.115112
31.491661,80.630493
92.659012,154.051514
119.52964,64.05603
200.474808,148.466064
78.985413,30.123657
85.626846,130.515869
5.978714,57.693237
69.067589,46.168091
49.613094,89.578369
61.460274,91.905029
94.546349,102.198486
55.272842,111.250244
89.967438,100.611084
7.378014,34.732544
124.580269,104.045654
164.571655,80.352051
85.051598,12.456116
8.825008,22.979858
143.847015,137.790527
37.992416,67.470703
19.380581,82.716309
110.727509,5.861328
108.370056,80.817871
176.420258,130.503174
135.690948,76.517334
92.094452,108.845947
98.162567,119.668213
12.601257,154.527588
52.326538,20.473145
15.659714,12.175659
23.575203,69.536621
11.685875,81.479492
129.607559,143.391846
76.893532,82.650513
36.613098,24.470215
36.201183,9.980103
28.414673,66.89624
37.941185,37.026245
129.537766,90.966797
87.642082,56.861206
69.231758,21.753296
239.837067,217.217773
170.714828,167.876953
100.085609,11.711487
70.357643,83.875488
64.153763,54.150146
8.24015,80.107178
80.919556,57.057617
155.017761,90.434326
84.20092,34.671021
74.160393,72.421143
81.152176,15.958496
18.331512,36.125977
77.485321,79.218384
55.882858,54.654053
96.1614,10.801392
20.289932,15.099854
114.245071,40.673584
55.081261,37.315918
27.614616,16.177246
127.225082,82.682861
24.759796,41.131348
36.517548,59.798828
126.275566,78.717163
59.278755,39.583252
52.801373,13.024292
2.064674,11.878662
233.791229,91.053711
64.351654,177.930176
9.226707,94.80249
18.754837,43.165527
13.862282,42.005859
21.761616,20.028198
27.683983,111.926514
230.193817,117.314453
169.839996,128.740967
19.48494,113.602783
16.67794,81.404053
146.27507,40.84021
90.986786,115.763672
104.424156,30.797363
70.841736,89.238281
121.510544,63.730225
124.515327,62.712036
34.696838,120.743164
40.267426,62.283691
44.790279,54.879761
45.645508,77.090698
88.629158,61.500977
39.417721,28.689087
96.896301,65.573242
41.387497,35.038208
2.585629,36.573242
215.60202,152.914551
10.508934,39.611816
36.427185,44.772705
36.994015,32.513733
63.96759,56.662598
276.751007,197.182129
115.382721,131.461426
74.598618,12.053223
76.573074,80.125488
65.463013,124.274414
172.751923,97.323486
222.453705,213.683838
115.050858,125.866211
1.885323,45.134277
78.080658,57.069336
31.28825,31.994751
9.803604,5.586304
157.973083,147.437744
111.309402,118.108398
144.464508,69.904907
108.295692,113.926758
197.56778,107.195801
67.510422,34.836121
49.827461,32.868042
61.217621,116.270752
75.898643,41.204834
135.344177,152.655029
135.061676,39.797485
6.708138,70.234558
103.445503,14.220947
62.140671,79.570801
69.62912,2.804565
39.830616,65.348328
201.322235,132.774902
101.544487,102.183594
171.519287,186.020996
73.871552,73.193604
88.220901,36.954102
92.434792,134.805176
103.522125,43.46167
72.47049,32.27356
6.770168,17.328308
7.411781,8.719238
67.663223,47.588989
82.898575,94.043945
142.194565,68.864868
101.966782,62.477905
126.406639,4.338928
133.497482,42.165527
3.224716,25.422974
61.274338,127.456787
143.880524,219.117188
61.987442,49.404541
49.923645,64.862793
63.374733,34.774902
62.21336,118.953613
84.017075,40.5354
26.464924,65.853271
66.983841,78.575806
58.038216,59.118896
94.752174,108.114258
69.567078,100.371582
9.916,116.937378
230.018738,218.884277
23.034004,42.980713
24.945389,2.265381
117.677521,47.643677
120.011353,37.579102
58.93145,72.234985
25.331978,73.864136
260.684479,138.977051
266.330872,172.308594
17.473415,52.37262
62.604538,91.585693
23.040806,115.434082
158.73642,50.813965
31.548157,60.082031
68.865768,55.652832
45.917137,75.089355
47.729721,111.159424
117.986313,95.068848
66.997971,30.534607
27.90567,126.567627
57.71526,46.366333
96.248619,80.771484
151.693146,114.12915
43.613667,16.279785
68.913307,9.946289
1.21109,69.563354
94.962921,65.361206
266.404022,196.927246
99.493019,68.149414
131.099365,90.556519
59.98872,14.225342
143.93718,76.53418
57.195404,48.968628
22.425461,59.156006
19.721268,60.092773
30.908375,23.258911
95.342102,50.036865
74.636322,141.021484
33.983917,78.26062
38.528786,47.782471
36.305031,84.99939
70.218582,91.376465
47.610916,25.739014
70.892929,120.512695
265.019714,65.568848
24.491753,92.205933
29.733894,100.21582
47.451538,63.22168
21.514328,42.441895
95.784424,48.601074
65.070229,6.841064
160.455444,309.313477
105.230759,131.227783
73.66658,47.235352
45.670448,108.399963
25.862949,22.291992
214.932587,130.320068
84.67823,68.667114
51.520027,27.769287
132.231812,47.507324
14.573341,151.964844
92.538208,35.682861
66.899796,73.944824
47.586323,65.011108
66.250351,97.592896
111.139023,66.110901
75.548508,23.40979
71.043381,9.381226
95.988228,122.772949
135.685638,118.349854
95.437119,85.909424
72.749275,63.740112
81.578941,91.778381
40.323685,17.059082
59.647923,3.71936
26.501404,108.265381
37.738316,74.379883
132.522491,147.971191
97.199539,56.324707
122.817032,57.119629
39.119678,21.445068
29.320694,96.398926
159.996826,114.821289
19.300392,133.93335
8.30777,42.894409
34.526176,71.394775
98.546509,7.358032
28.557335,40.598999
173.91626,207.143555
131.78363,62.673096
52.800262,65.563477
39.151398,34.792969
82.699181,32.273926
63.913315,16.503418
4.901691,40.554443
86.400932,62.240967
63.126686,77.934326
83.389244,57.185913
62.374336,7.425659
54.186558,47.440063
21.228706,31.162598
14.389416,18.749756
102.804855,86.52356
130.493103,30.373901
114.622459,41.86084
44.862049,41.991333
145.25296,24.983887
14.592186,12.589355
21.455322,1.523438
130.511993,102.797363
124.515503,80.451294
123.019974,105.578369
124.463745,97.853516
154.640549,46.06604
57.912033,34.607422
66.706909,63.351685
18.199509,62.232422
79.302948,91.701416
15.131447,25.597778
117.64901,73.157715
34.629322,83.746338
14.650974,61.888794
58.852158,37.772705
102.75592,54.346436
69.101341,18.517578
110.687622,22.548157
54.918167,49.527832
144.517838,136.652954
172.976913,20.752686
95.303047,7.727417
31.120697,74.444824
40.303612,6.868774
35.580536,118.123047
80.77977,6.497559
8.326313,71.678101
152.011322,221.899902
31.530113,62.016602
187.956177,128.80957
74.545639,48.769043
54.512058,33.559937
66.277588,118.365723
53.720421,113.66394
113.749817,36.664429
46.431274,3.539795
112.421539,37.238037
42.091171,97.669922
43.674377,72.416626
88.730675,22.78125
38.313293,76.057617
14.183105,105.547852
1.564835,85.094238
146.054474,49.763062
41.489025,71.050171
29.898613,10.72168
93.058525,35.80481
88.676003,71.558105
43.485016,70.321533
46.132343,89.785522
134.753876,11.010742
28.427578,11.005981
35.485062,106.976074
92.423828,235.00293
216.863098,246.469727
124.4888,33.237976
93.382538,105.705566
125.49025,50.579407
84.420654,8.681396
66.135544,69.093628
133.995483,54.026978
15.209934,49.267944
109.361115,63.68457
125.858711,33.562988
135.64476,73.170898
112.215919,42.372925
43.708378,96.150513
91.738846,35.0979
52.444244,92.708252
1.431595,104.227051
54.423973,62.294922
4.809883,28.666992
12.84166,85.262207
75.977333,14.014648
115.848099,85.360474
197.464661,38.831055
43.21489,46.313232
61.089714,107.411499
17.818508,14.986206
103.196022,35.994141
252.719589,148.105103
268.252716,195.07666
60.073196,68.9104
100.554077,130.027832
20.147217,114.037109
96.342987,86.624512
51.577019,99.977661
19.71048,71.497314
39.239395,29.291992
39.15197,51.144165
270.9328,171.886719
207.539764,102.849365
100.562309,95.28125
94.676292,81.833618
83.572243,95.289917
40.830185,42.014648
45.356022,33.512085
132.456268,39.919067
116.070267,151.539551
151.751678,107.715332
31.939102,180.036133
1.699749,63.089355
20.3797,21.106079
93.568916,94.439941
96.484116,118.137756
75.018211,121.95166
195.231812,69.860352
33.11264,67.685547
23.840698,147.554199
52.658073,34.89563
95.964249,70.152344
5.307365,26.943726
148.285446,31.221924
142.452118,54.542969
55.238495,73.175049
97.110062,114.022949
17.613922,33.704346
45.759109,127.862061
77.361771,79.241577
141.450775,152.703125
40.124008,28.701111
24.108238,55.354736
34.518661,40.957031
116.683533,56.393311
8.194534,9.756836
111.712463,104.251465
97.628761,17.642944
84.778038,15.321167
51.164932,18.861572
295.78244,247.669922
58.048523,27.35376
8.271923,29.750305
37.578766,7.393311
140.762451,90.295166
65.340706,76.598511
87.308243,64.086182
55.278023,38.417969
49.430923,25.838623
36.085907,18.10498
36.510956,51.52832
101.454086,11.150391
166.391815,73.797363
80.835541,113.072266
71.413567,19.838135
72.718834,52.126709
30.618877,61.647705
38.260986,69.583008
63.415276,55.706299
239.22905,55.567749
87.800934,60.745728
7.738998,33.922363
11.750214,10.077393
144.962616,202.279297
5.27433,106.733887
90.48037,81.272034
1.26115,39.578369
11.856247,85.754395
64.378349,15.583252
24.791161,130.986816
59.545258,33.732178
68.317062,111.563232
98.335197,63.647583
33.202026,149.106934
253.149689,248.73291
64.948715,126.653076
63.452694,134.158936
89.164703,55.908203
59.424629,72.769775
95.226601,84.30719
48.334938,89.845825
48.243252,80.14856
131.86087,12.489624
97.184387,175.504395
67.34848,22.925537
39.588844,18.058655
45.150497,83.165283
53.21273,166.730957
110.701553,114.13623
30.793076,22.174561
63.906284,26.854126
58.261726,67.04541
143.152924,79.036377
31.635406,14.679321
123.822639,32.374756
186.040955,78.593994
69.900208,1.329834
26.238899,58.15686
42.732784,18.849731
93.226097,53.183594
43.382164,21.217529
63.473709,108.577148
159.481049,138.605469
32.487,24.414673
130.370026,162.32373
59.101269,19.984741
120.781204,166.556763
99.463692,72.428101
68.869133,16.776062
43.393097,20.975098
75.411842,109.120361
69.4664,43.394531
48.327679,47.621216
32.867996,47.201416
51.149372,16.223755
20.075539,92.697021
119.020142,65.069336
4.236843,30.671387
74.530144,99.435181
26.009659,49.748047
2.845818,38.653564
17.762459,92.626709
12.052597,29.865479
130.601105,6.625244
23.229836,42.828247
71.616592,31.028076
117.353271,18.453125
24.431183,72.995361
90.75119,99.58667
102.038803,12.25
300.427612,131.421875
48.921204,52.717896
36.592415,91.312195
99.059738,37.207275
52.357033,96.124634
44.393303,38.48584
14.121792,47.621094
7.655041,17.535583
78.728897,119.230957
63.078121,38.729248
102.955589,118.69458
57.345047,50.785339
146.634399,42.23291
154.136017,102.147461
27.082909,39.275269
42.90863,74.730103
18.682568,137.914429
52.998081,59.806274
58.52243,54.83667
56.67897,26.359802
16.700958,73.973145
26.163528,36.735535
52.491058,67.316528
220.495697,142.412598
2.120117,126.004883
47.410595,54.610901
44.626251,99.755371
2.057297,53.57251
89.395782,56.432129
78.836243,72.700073
56.520844,51.834961
35.090996,64.328125
130.862274,51.432007
103.451691,34.320557
82.497414,59.679443
144.118027,45.746582
115.241974,239.229492
172.189972,245.440918
74.254425,11.631104
53.182343,51.040527
95.466866,104.489502
70.534714,161.695068
54.888199,103.289307
14.186523,73.859375
65.621437,14.123779
69.010834,145.574219
61.611862,148.006348
29.421906,27.950195
81.680618,52.127686
86.082977,33.848816
18.637932,58.93689
105.588097,134.493347
255.164795,65.52002
54.485367,164.455566
4.069923,76.550781
67.325859,219.219543
72.176285,218.681641
79.092766,29.585693
53.983353,110.509277
31.227875,63.778076
23.834724,47.275879
4.829353,36.58728
288.195587,231.032715
60.971394,91.040161
50.192432,28.101624
25.477673,69.366943
70.385193,167.802734
38.774086,44.278931
107.555061,2.160522
9.960876,47.959351
23.009552,47.680176
22.703197,2.42157
89.81353,107.43103
37.804077,21.758301
73.862793,63.3479
105.437439,73.360107
9.76313,38.118225
17.187134,124.126953
56.385883,73.422729
104.481918,50.703979
149.754135,141.289429
75.96888,48.963623
48.196228,83.349365
44.379738,6.014893
74.199539,87.750427
8.984871,6.729736
16.66806,110.514893
29.942215,167.50293
109.611618,93.650513
28.519485,55.547913
112.328979,101.969238
19.300171,5.199219
55.903851,65.592651
12.628784,45.337036
392.881348,38.761719
50.809887,81.286133
135.289322,30.04248
42.973473,23.060913
116.165787,9.968994
141.006226,78.686035
149.66507,142.659668
149.82019,97.074097
34.771221,42.206482
131.321777,83.564941
122.792435,69.110596
57.255356,53.859558
74.333595,22.318848
14.98658,97.717896
130.035248,30.639038
27.638157,48.849548
2.956738,81.388916
100.480133,60.450684
89.974442,47.952637
65.047577,129.564941
95.83493,297.407227
136.14563,65.202942
23.159058,202.88916
68.401314,117.888916
121.990845,62.989746
15.158192,42.014893
63.29953,6.255249
142.462128,125.013184
137.996918,80.982056
120.987244,18.532959
19.125519,50.277344
75.636108,108.500977
20.665115,16.641602
49.695412,42.666138
39.045822,94.704102
15.862839,40.852295
87.053864,87.22937
9.183372,60.678711
137.708191,129.088135
112.322861,119.378418
78.316887,79.435059
80.968323,26.033569
32.108612,23.344971
133.355225,120.207031
113.517372,107.733643
97.423859,112.472656
227.729172,42.796143
23.632057,90.086304
9.049286,27.917358
66.271843,74.900757
70.151039,58.24646
19.863598,44.397217
60.99826,23.707886
59.712009,46.092407
88.138733,17.683594
47.301422,288.229492
80.093399,47.582764
70.128624,43.119995
319.055237,37.787109
35.920952,26.28064
192.667542,123.814941
66.779808,21.536377
50.00634,45.627441
83.113152,113.861816
74.389862,83.026367
148.419479,57.565674
103.834793,68.01709
107.494675,4.513184
156.795319,200.099121
11.116516,39.343506
102.600494,73.343872
82.594757,189.708008
17.468567,52.382568
76.564575,179.679199
3.289429,101.071289
42.190704,69.217285
32.401066,95.612427
129.4944,48.137207
81.220116,148.38855
161.277405,142.700195
20.096718,29.93457
230.521698,160.506348
141.565887,69.151245
124.18261,130.14624
76.58522,47.484375
84.327209,13.081299
136.16629,204.844727
64.33828,11.32251
67.762993,129.153198
52.803032,17.687744
38.670853,2.929321
142.177963,96.476562
32.354492,135.458008
159.672699,233.784668
43.059162,27.312012
127.775421,21.064209
109.680702,73.247192
105.022827,80.984863
19.878418,20.166504
82.647774,74.623901
179.231384,55.991577
59.625881,118.894897
47.542473,20.702271
107.821404,78.435547
126.243019,84.751221
84.504349,52.863525
130.280487,80.809082
189.096741,24.8396
107.621155,109.073242
24.605831,48.532837
32.45977,129.735229
88.050507,20.846924
68.939865,53.442261
23.524158,70.381592
104.439529,19.993164
74.932442,5.590454
100.414055,83.436523
18.070816,103.508057
36.656693,3.632812
80.095764,4.740723
218.646912,278.499512
168.822662,234.058594
57.487007,61.780029
84.699005,81.761963
81.825134,73.519043
58.989422,29.286011
7.860489,15.086182
85.831207,71.336914
90.467049,111.479248
60.815506,152.693848
91.438972,74.945068
4.360596,62.290894
45.568207,51.272949
192.452362,52.484253
101.143921,71.95575
55.860962,90.801025
143.559418,128.854004
108.682434,161.216309
21.459808,92.048096
35.122765,111.443604
102.572754,61.793213
51.167152,28.557373
67.360199,52.866943
113.763519,68.766602
121.003204,41.328613
135.854263,28.442383
62.122528,90.154785
103.684494,106.408691
262.217194,344.671387
55.763382,61.580811
35.689514,239.276367
70.167503,41.829224
98.06015,41.209595
2.528896,56.147461
94.748238,3.248657
32.450001,27.23938
40.985916,119.817871
19.603409,26.787476
4.769173,8.055054
160.462463,108.401367
102.073402,69.167725
18.25795,16.056885
6.480164,32.729736
43.638416,29.349976
55.966721,116.181519
87.187729,62.668945
33.747673,22.883057
165.928864,83.077637
92.004257,28.917725
97.589394,81.922241
78.286942,92.038452
50.813766,85.880615
34.174492,47.632446
49.357376,42.834473
84.622711,217.464844
98.094406,74.605469
86.865974,112.466248
82.487175,37.697632
59.597912,36.961853
87.270676,101.680176
102.931061,237.915527
19.169754,53.553223
61.426552,66.60791
74.006134,2.035156
23.19249,97.451172
19.140404,87.378479
64.370514,29.167908
121.431625,31.693359
34.070042,18.158569
170.607056,107.75
44.377998,153.085693
24.463142,117.30249
55.359535,73.754883
101.986946,36.247314
49.114952,44.197021
66.310669,154.436035
99.271927,94.583984
24.876572,86.607422
52.233917,18.123413
123.004852,91.679443
83.687492,163.891357
18.26783,65.996338
12.059647,40.602417
42.616203,38.799072
52.736034,41.01062
28.603615,18.687988
17.985798,62.104126
64.276459,74.8573
77.224922,50.328125
77.310501,30.341309
41.720673,131.867676
161.580017,171.02832
61.029182,67.04248
43.386948,60.486694
47.282085,131.778564
143.944778,145.821289
19.752747,84.100952
40.61145,40.704346
33.502586,6.62207
137.546036,112.178711
95.172424,37.522461
10.39447,46.429688
117.215164,140.960449
39.817188,11.049805
24.59893,53.454468
32.778694,36.763428
24.710617,23.998535
38.176224,103.301758
149.607727,205.313477
121.727341,238.637451
23.479618,43.4599
63.767803,8.732422
41.863991,46.709229
88.521667,154.467285
29.133499,108.111938
62.696274,45.118164
182.861771,78.234863
127.880264,62.483765
121.211121,76.458252
6.451645,35.653809
219.920883,118.604492
32.184471,7.594482
24.069992,106.377563
30.617004,75.782471
40.842232,48.738159
50.189571,50.569153
64.181694,65.966858
29.361786,38.512207
113.126007,61.761475
171.72168,238.112305
74.812653,77.51709
22.793247,22.841675
104.611557,68.287598
7.698524,32.954224
3.229942,36.977661
22.326771,22.857239
56.836731,175.760742
112.01889,232.204102
4.307636,48.162842
100.617889,63.191895
14.407085,67.675781
34.148399,87.46936
34.728508,23.51062
23.897789,91.782959
19.039581,135.172607
293.934143,257.915039
74.326363,76.235718
33.794586,18.738281
100.311081,189.540039
171.121231,126.921631
76.705368,120.179077
8.146805,54.042419
32.472763,101.440063
89.516457,40.081177
75.518166,18.505188
44.614281,4.648193
43.21907,75.12439
45.91156,10.668945
27.532043,39.249023
92.081757,219.785889
57.036789,12.15625
116.078156,124.816406
146.186249,98.288086
97.963882,91.31543
85.421799,59.474365
120.756699,82.999268
7.326324,61.32959
63.32613,100.556396
86.818665,18.66333
180.041321,110.833984
57.951172,133.106934
98.536568,119.520752
36.335831,38.84729
8.23967,22.367676
52.987389,57.743042
45.523895,26.121765
149.848145,17.938049
145.203186,136.618408
54.572891,66.692139
74.150291,50.826782
33.522568,29.674683
137.852676,37.409424
136.883636,100.96167
132.747345,49.144043
14.383575,70.253418
157.153549,84.218506
58.35199,90.507324
44.158066,125.822754
14.381248,29.771484
51.445068,136.561279
47.754829,132.040283
42.634647,107.106323
44.187218,55.048828
18.686783,102.692383
6.691723,67.511108
18.224876,71.086426
235.060577,205.808594
104.383018,63.757935
77.645813,165.496582
93.560387,31.955811
25.779793,39.419678
155.679871,72.139648
50.776932,5.08252
87.866539,49.071655
99.125923,74.926025
147.565704,52.280273
78.099945,55.897095
63.303997,68.587524
166.38562,214.972656
32.120087,103.555298
118.875946,135.310791
21.588615,38.774414
62.218681,2.990234
72.613754,82.012451
26.453506,62.463257
90.316193,116.742065
5.646103,46.226196
23.429745,60.828857
88.811691,42.36084
62.945938,55.832764
132.809479,75.541138
134.881027,37.871094
38.255035,32.888794
52.115326,19.530518
57.009247,172.070312
100.951599,127.516602
20.14053,57.577515
46.164814,107.454102
46.322739,57.902588
107.420074,77.779541
72.487274,76.234009
47.228195,57.447998
48.730789,39.895264
99.646538,64.244751
175.424728,70.100586
58.861263,129.989136
33.102314,14.092346
172.349243,100.445801
52.610733,48.609863
99.096535,45.856689
79.417824,73.425293
45.983086,20.050903
9.217712,18.204346
62.650612,12.323547
5.388901,51.189331
31.97245,56.860229
14.300133,23.614746
79.015045,73.501465
12.098473,82.2229
57.733219,23.667603
105.01339,25.350098
34.386559,113.328857
64.0289,67.279419
68.156723,74.835938
4.855442,83.416809
10.939331,47.426758
30.813759,61.329346
37.838821,47.269836
25.901722,109.814331
81.983414,59.296143
10.129547,49.106201
111.878906,80.372559
41.405449,42.643555
121.562134,76.318726
102.801651,36.659424
66.055008,53.067871
41.887119,15.602051
156.905579,98.714844
67.461258,47.257812
57.482338,126.141113
65.607033,35.713989
13.995728,27.04541
16.727016,85.373657
58.767235,12.508301
27.136044,7.57666
51.393646,112.675781
127.648773,83.462158
108.631577,108.655762
8.445152,62.60022
106.003632,127.139893
37.099041,59.796021
17.303833,56.31958
35.128746,122.477905
134.399719,83.826904
73.300385,35.391968
117.451447,22.562256
179.682129,39.023804
151.966217,57.49939
155.65065,3.490723
86.289978,119.476685
83.50621,32.79248
5.192368,40.951416
68.833359,96.064331
22.706963,43.519531
22.390076,132.562012
63.776169,89.875488
55.043362,50.082275
20.726135,89.213867
9.647629,8.684692
61.515968,62.444092
37.183144,49.34729
168.448257,73.747192
97.382233,89.111816
136.337097,145.579834
19.375946,144.027832
135.258667,92.97998
106.631096,98.981689
34.572029,95.446045
148.098312,52.659668
157.067032,51.994141
58.025223,44.786133
59.279083,86.927734
55.519279,62.793945
50.170334,66.109619
24.43758,28.64563
87.705688,97.639282
19.060455,53.542725
101.542786,130.761597
9.212852,26.876465
36.315884,26.827148
1.931885,11.364258
31.31694,56.696289
79.0793,113.71936
95.984253,49.87738
80.859726,73.254272
52.150856,104.27417
93.069328,98.837524
17.48053,5.890625
133.867844,145.87793
158.467407,113.582275
138.940247,67.322754
39.067215,64.655273
77.384338,52.961548
163.752274,208.500488
55.220036,73.771362
163.619965,66.390869
46.230125,116.640625
4.2556,22.481445
94.792725,116.999023
14.925003,94.344727
150.626221,81.264648
22.223511,87.865723
64.795151,78.569824
136.994812,3.72998
55.219696,50.519104
24.258095,9.793213
8.041603,48.731201
147.15625,78.225586
191.603882,112.910645
44.426949,53.983826
66.705017,57.452271
96.840561,3.171387
82.807816,52.140381
33.085567,35.104858
87.007797,96.103027
89.883446,40.324707
135.25029,182.261963
56.509689,62.26709
13.210075,32.396484
95.31617,146.29126
27.355492,48.541504
98.780754,16.686768
50.779457,16.892273
4.22847,20.341431
148.703278,195.20752
71.479919,25.988892
132.853256,136.489197
95.982727,87.343384
39.117554,25.014893
58.363579,26.119263
60.062004,89.745117
91.796539,42.083008
24.565994,71.135742
118.461777,123.972412
28.842365,37.247681
45.852657,61.861816
75.953888,58.96106
59.436577,52.503723
49.174393,81.692566
64.810677,84.234497
46.870941,54.983643
35.396404,29.434692
82.641136,102.473145
121.17186,199.412109
138.002258,129.686279
85.617691,198.302002
78.280396,100.503906
33.86256,13.064575
77.16423,21.113281
66.200279,49.206055
74.257202,48.246155
98.299873,51.850708
8.641624,54.867432
46.926704,30.039429
71.927727,92.043701
26.501266,77.577637
6.84885,59.071533
48.973816,56.240845
63.054958,96.904602
86.182358,21.374268
61.093765,57.960083
92.105385,50.697388
82.651047,75.703613
15.991364,134.857422
9.654594,93.855225
16.540817,96.592773
91.442017,55.551514
292.10437,133.463867
51.843872,27.500977
46.71994,45.31543
164.155914,100.884766
200.741119,89.181641
114.829468,218.418945
48.254036,121.209229
139.323364,166.991211
125.31221,58.735352
51.276611,71.199219
51.481194,20.45166
56.481468,10.298828
151.440567,22.224854
70.885895,21.192017
98.043678,103.489868
25.611198,105.571167
108.413879,74.454834
73.037239,118.270752
60.858231,82.378601
16.738678,63.315918
25.891594,120.12793
79.335358,6.854248
79.679749,36.333008
54.639038,191.172852
45.866508,113.956055
68.359184,64.004883
36.091793,90.627563
77.414162,79.334229
131.415588,27.553955
35.727608,79.948059
78.229332,37.151245
92.599258,77.984375
82.693634,51.039062
135.276489,74.611816
51.002201,4.765259
31.804443,37.05835
139.261292,45.362183
48.051163,39.898926
67.141869,21.878174
69.226395,78.376709
62.739723,13.659912
97.261696,118.767578
91.373291,18.05127
11.355,111.959106
18.542816,139.237305
51.455711,20.870361
39.72599,72.039062
47.912716,29.515747
103.242722,71.146484
48.885132,147.054443
62.552917,146.338867
157.142334,7.32959
144.258362,48.203125
78.0271,35.554688
93.62326,112.256592
18.40197,10.035645
170.983856,87.248047
159.779388,91.561523
61.357941,38.764893
76.518127,106.921021
109.629639,86.277344
83.75737,117.729492
40.14801,26.877441
54.239231,36.170776
49.024403,26.017578
79.461685,11.52002
58.333187,26.579712
58.893929,113.625244
48.583122,35.644653
37.976276,30.016357
143.542648,100.80127
15.903393,62.349609
57.718307,30.434814
156.833969,59.775879
126.478889,160.113037
137.25119,106.983398
199.790176,59.826172
188.545959,155.480835
97.662537,143.602539
72.400131,86.239502
4.44865,16.575073
72.222,59.046875
207.702133,124.666016
73.046982,29.398682
94.195984,100.595093
94.639687,22.669434
55.385887,108.511108
49.106525,120.31366
182.922058,74.881226
72.574257,164.06958
35.629333,177.154297
84.446953,15.537842
107.927193,62.727295
106.19355,72.021362
267.119202,141.730957
50.49913,80.356934
70.519562,83.565186
147.367004,106.932861
132.315643,35.303467
59.454819,107.401367
11.363064,16.825806
19.060837,19.663086
63.888435,71.040527
40.272282,79.11084
169.906586,112.097656
73.601761,100.938965
141.633041,163.019043
111.299072,28.898071
69.978546,35.036621
72.387939,44.802612
44.574791,2.239441
79.755394,3.542725
99.398178,110.724365
79.276985,112.657837
25.816719,53.02063
35.135315,145.695312
65.213455,8.382202
25.075127,73.815552
79.412109,53.608276
119.236755,241.081055
41.596394,69.791565
134.124924,126.7771
50.459839,94.450684
51.051868,18.115173
59.110298,58.441772
7.894981,50.594971
34.803894,53.71582
65.770546,30.963013
70.31459,49.712646
44.577377,12.563965
69.735382,192.34082
99.966248,177.973633
184.342224,46.971191
124.01857,23.44397
86.692307,45.768188
29.278542,23.619141
62.638725,50.012695
55.048256,30.748779
158.739395,103.468262
74.161499,2.269531
89.456017,162.330322
22.336769,107.190918
75.694946,76.439453
40.167747,73.486938
48.33532,54.984131
54.129387,25.891357
18.180973,28.246765
104.949463,88.931885
30.534119,24.995117
97.463409,144.342529
32.472755,22.586548
171.393402,50.063477
20.545532,79.280762
155.431824,73.728027
11.478432,98.951904
115.718521,87.879761
11.670723,23.880981
71.435959,52.63916
46.303818,32.744385
84.81916,45.295898
89.254791,37.702881
67.608879,52.853271
26.015404,26.453857
202.427551,147.164062
146.901154,109.823242
11.987793,45.084473
86.319244,110.910889
114.306763,22.42749
101.730484,2.396606
34.605713,13.920898
77.050903,113.739746
31.61924,48.972656
44.526123,63.775391
100.306152,55.615234
158.910278,34.501953
85.998268,52.438232
39.906559,8.219055
120.417427,96.995483
69.205887,50.540039
74.042679,47.121704
4.479065,129.16626
75.790085,122.155762
185.025818,47.474121
64.349632,69.438965
107.72937,87.562012
28.684982,135.855225
71.370178,97.486694
92.189804,83.717041
145.439087,25.340698
7.397293,201.827148
73.922958,42.529175
39.927055,33.930176
21.696732,45.605835
44.360302,21.559082
50.046272,53.195068
51.638863,72.379883
36.424755,62.691345
61.705322,98.973389
113.348351,5.418579
147.151245,238.149902
71.347565,65.638184
79.425507,37.070068
90.264847,36.981445
1.610016,75.270508
29.278793,44.743164
35.397125,117.351196
27.884407,10.458862
88.830757,16.651062
15.612747,122.693359
70.208649,12.661743
79.826897,39.868652
49.250755,69.32428
84.17984,96.365662
71.073662,31.936279
54.01709,163.742188
26.932846,53.205566
66.545593,54.214417
77.56427,51.428772
99.83461,36.60437
26.010628,64.871826
37.328049,86.411621
58.086449,32.374695
34.390007,49.645996
98.812393,83.987793
25.073044,44.060547
16.43634,93.049316
3.398682,28.693481
127.612778,90.842407
9.879356,134.560425
69.830093,8.443848
262.239868,7.148682
18.754623,183.127441
148.273071,88.773682
57.529388,63.818481
37.193848,67.039429
112.163284,84.344727
126.164734,46.553589
50.020554,178.674316
124.729271,34.867432
318.37616,225.141602
63.909264,42.833801
91.731354,107.085571
86.783096,111.309204
37.405235,89.147949
92.534698,18.010864
57.576557,65.29541
38.448891,47.748535
40.078499,76.595337
113.444244,90.394531
139.210022,55.799316
103.052063,116.877441
127.271118,87.067383
48.14798,76.636963
61.008759,138.158936
17.029861,35.695129
236.009369,154.418945
146.635788,216.259277
70.95639,43.035645
218.763611,126.332031
46.187714,16.569092
32.932396,34.659912
108.379105,126.909607
145.472687,57.032715
48.217033,108.566162
175.869858,99.378784
111.742493,151.861084
71.000343,61.519409
41.860474,112.352539
59.680542,73.526611
13.001793,76.342041
66.118484,64.817993
34.055248,36.939331
70.958412,57.156372
80.547791,97.802979
70.043816,17.863525
167.461136,97.747559
81.140579,43.342529
48.103725,38.312256
44.751205,16.733887
17.684723,102.356934
161.974762,78.575928
191.309235,171.337891
45.26202,30.242554
61.201843,66.591064
70.310867,91.727051
91.325119,127.297363
134.535248,34.559448
42.122833,95.087036
45.506744,7.307617
78.547997,6.480103
75.490166,3.450012
236.064453,87.509766
7.697475,37.982422
241.651367,281.778809
30.069862,80.44043
86.334267,148.062744
20.079323,115.040894
22.62336,5.301392
21.647476,84.195557
56.479095,45.782227
49.57766,160.773438
150.459229,191.352051
91.169838,109.149658
77.071579,83.842407
5.936874,55.467773
60.820736,32.253784
54.46685,93.256714
52.96801,95.342041
32.925209,66.114258
28.480705,58.682129
59.901947,16.793945
61.860451,75.942993
99.584488,13.0625
81.478821,51.246887
6.129593,81.077881
98.014053,62.877197
140.8909,33.852539
137.621277,122.250977
60.30238,24.643799
15.685249,73.528931
69.077141,42.042236
54.399136,44.967163
57.270149,56.543945
13.342037,107.813843
123.549454,65.235352
44.540527,12.092041
54.988968,29.297852
64.679962,133.471191
99.012863,107.257935
136.812958,101.525391
83.584045,40.871338
121.109192,126.278809
6.225456,74.972168
19.459373,2.764404
54.337013,76.099609
7.970528,53.899841
105.522003,30.627808
111.368713,39.152954
114.703186,42.387939
37.012188,96.740723
53.350098,8.147949
33.466351,57.076416
146.746979,198.765625
30.950043,137.650391
76.50367,70.81311
83.321213,62.786865
50.66716,71.720215
81.684464,59.336426
135.974472,119.396973
56.355629,22.703735
142.224106,176.594727
79.720055,56.771606
35.670834,48.930786
83.739395,32.638489
21.026745,38.551514
69.85289,37.94812
199.302444,173.986328
146.02977,40.75708
34.002552,40.047363
103.996468,102.839111
32.773972,50.336914
11.178436,12.263672
153.31604,81.224487
114.270622,9.217896
126.087769,60.645996
94.415405,31.739746
177.356979,44.664551
136.936569,233.734131
101.117279,4.294556
134.981506,66.864502
229.313141,68.021484
134.337479,83.250977
188.256012,100.469727
59.880089,125.598328
75.048843,20.394897
25.90065,63.206299
26.529022,80.381042
57.02108,46.731812
52.583473,83.040894
9.665268,147.748535
64.426193,53.207031
8.161163,25.006165
62.131523,43.971924
83.428452,87.835449
2.331718,30.701904
130.597778,97.44873
112.698799,34.466675
112.826797,90.334839
46.892349,66.783203
172.816025,148.984497
132.469513,63.437988
16.512676,52.474854
69.836319,70.416992
38.794998,25.439819
165.054672,143.998535
78.573563,30.758911
51.85714,34.286621
111.367783,23.989746
88.906021,8.328613
66.798073,44.918457
25.704197,30.303223
22.334877,69.263672
50.690186,41.76709
30.894073,75.509521
101.042847,78.372559
80.946777,7.222534
96.584824,28.703003
15.227985,47.446289
118.30069,113.741211
134.69931,104.558716
2.673187,81.493408
37.720013,33.290405
33.846088,17.431274
52.933334,19.975586
52.152176,154.661255
69.230591,90.344238
74.787643,72.776672
57.235367,57.203491
149.68222,112.394043
16.958252,50.611328
126.545547,6.370483
42.334106,61.386597
158.997208,86.803467
129.510132,25.072998
179.157135,26.83252
118.951668,93.303101
45.082138,108.246582
35.994633,47.11731
16.189266,11.842041
29.346306,68.33252
85.975937,107.875244
93.37825,41.849854
61.852581,82.821533
22.101929,90.409912
119.463654,49.282471
1.494339,45.181152
56.350067,24.261963
64.087875,72.827393
77.045891,7.829346
28.91951,60.378418
116.023361,62.223511
179.961166,179.743164
128.49469,51.105469
3.928852,29.379944
38.308884,37.394653
119.101662,123.443604
61.36879,108.11084
126.931168,38.592529
87.021187,124.979431
111.6996,103.381592
28.93261,92.897217
2.651382,59.180664
27.098831,50.832275
54.959698,28.429077
94.510452,125.585083
40.078373,4.760742
9.421497,5.664124
19.663338,31.923462
136.902039,34.807373
53.015957,52.390503
91.475967,35.137207
13.029648,72.682007
84.97287,83.825195
11.41497,84.365967
52.728165,18.638672
34.669655,62.449036
28.248344,56.542969
68.664673,96.419434
96.328102,23.372803
111.130432,50.641602
93.205627,64.033386
159.972824,70.769043
36.867455,20.175659
75.727394,88.14624
78.334305,117.453613
64.853088,77.599121
90.716568,25.990845
73.766472,46.320435
217.471069,149.605957
96.313736,96.401123
120.675385,91.940918
195.636292,67.9104
97.380859,73.946533
184.020447,53.776855
145.40918,155.446289
90.823181,58.182129
20.39798,175.427734
11.17601,224.191895
166.157196,46.26709
84.361923,98.17334
104.310043,57.790283
65.733414,38.540527
75.178169,122.344604
19.956421,81.952393
19.51342,9.753662
74.792557,30.053589
28.358879,59.460571
90.174568,150.280518
26.010132,89.195007
17.059746,73.140808
70.243164,90.926758
8.580177,56.588745
46.892601,24.234009
149.719025,15.410645
33.316818,149.534424
16.19912,2.16748
121.349808,92.948425
84.594955,81.591064
101.449005,46.389465
109.119911,32.358276
74.750496,79.236023
248.532822,128.34668
96.287369,89.175049
7.640488,53.171631
228.865112,108.034668
132.404404,124.65918
55.06356,101.694336
35.505817,54.744446
53.496372,70.555908
103.713066,19.936646
148.22049,130.887207
61.027222,54.358887
23.046597,19.099915
64.391571,24.190735
122.681229,109.035889
50.092125,38.681152
58.588623,98.880859
24.634537,88.126953
62.503368,33.714905
84.213799,21.606873
155.276733,78.025879
93.300751,45.752686
32.488762,84.216309
167.29657,64.886963
131.917801,69.020996
75.588776,114.405273
26.442051,35.211548
12.986893,94.251465
143.060242,64.354736
71.704605,8.036865
132.245667,126.190552
34.811466,121.627319
113.365311,14.312256
71.79406,45.585938
321.171478,211.271484
176.219299,72.983398
19.489456,57.076782
138.417511,45.706665
79.991898,74.216797
29.33345,37.875488
120.222603,121.40918
326.544983,173.152344
38.225296,20.832031
39.797363,17.865967
133.848602,18.899658
154.140594,31.63623
39.75219,105.862427
55.729164,109.422363
38.290699,28.873413
102.584396,81.27002
77.236794,89.920044
17.000832,46.889038
24.422523,33.951904
22.482414,89.057373
152.683746,62.888672
69.848495,4.838379
255.542007,84.51123
33.249298,151.310425
33.738472,57.955933
49.804874,88.042725
40.088299,83.137634
176.392426,33.347168
113.663681,31.099121
23.114662,35.796265
96.233604,65.956787
221.271866,92.339355
56.79343,69.123413
39.473579,89.278564
81.127716,54.936523
16.702095,69.70752
67.868332,136.860352
13.302032,112.796387
134.262192,49.152344
87.259445,61.163818
385.184937,137.333008
133.200439,139.246582
93.097801,79.883057
19.928581,33.396667
87.342651,113.864502
28.169716,65.117676
68.355835,48.780151
26.947586,53.128174
97.603271,186.87793
169.925629,100.945801
140.975449,180.079468
56.610817,110.353149
123.427094,44.167969
131.653534,17.553711
71.989319,91.982666
160.926514,83.339844
44.282543,63.521362
74.0811,44.385925
30.852997,106.430664
47.093071,42.756958
247.024506,173.256348
51.021957,25.542725
90.89798,60.67334
81.191856,80.593384
35.911816,54.520447
64.510529,46.016724
72.160095,2.977905
39.093536,49.944092
60.006516,77.525146
94.159225,34.756836
31.773773,117.371582
105.956131,43.143311
127.119659,110.062988
90.51062,95.870117
223.224243,84.790527
121.559158,119.931152
75.590424,160.352539
192.502914,96.540527
52.192402,74.098389
111.859558,16.775879
51.211525,45.859863
81.33609,79.645142
128.293472,132.3396
96.972939,63.921875
85.638016,129.333496
71.532288,22.43335
130.263916,55.344238
10.148575,70.634766
182.153534,54.233887
162.941147,178.893799
81.477287,22.520508
71.494766,109.212402
28.406479,47.980469
37.314186,29.053467
81.930527,133.702148
147.879227,72.561035
40.795135,80.88916
118.019287,101.537598
17.954453,81.223145
2.509796,9.136963
115.45475,49.089844
30.761967,48.296997
73.314392,164.592773
24.825272,30.040039
39.240936,184.663574
149.35318,108.95874
233.225662,154.18457
59.177147,65.301758
20.582642,33.315308
59.725925,77.610352
93.236519,53.506348
140.433304,94.631348
125.708939,52.606934
26.288033,60.059326
30.924721,33.444946
62.174118,18.919434
120.242737,63.522461
67.647507,117.832397
54.638718,55.565918
110.136124,84.249268
211.191376,120.695312
20.272137,20.212524
54.260399,16.399109
38.61058,17.94458
167.840042,79.207275
20.874321,68.145752
52.361507,62.722168
56.47403,17.734131
26.22163,32.08374
37.245396,41.455322
11.662918,78.594971
72.373001,34.797668
53.87505,95.720581
76.241997,66.290039
97.082932,95.658813
34.948326,94.469727
73.963013,113.54834
39.805672,3.318237
9.117645,28.254883
1.534424,166.356689
75.065208,74.409668
83.419617,95.385986
115.561684,18.807739
50.736557,88.297974
4.836739,35.140869
138.973938,13.117615
45.709309,6.693848
76.295197,142.547852
74.640808,3.538574
14.625046,113.572754
79.082176,11.649658
5.168842,118.311523
37.25898,100.255859
56.428955,73.922852
21.847866,58.606689
82.290863,39.271973
10.602863,21.382996
30.860931,8.045532
65.319016,12.171997
63.537537,75.680664
105.271774,61.420898
36.694706,12.932617
110.838524,187.188232
171.822052,122.294189
93.138779,44.956909
44.440758,74.324219
29.264229,82.11084
13.431801,67.798706
24.590622,35.181641
140.351013,171.67334
23.516796,115.276123
64.542297,13.669678
73.352364,57.027222
59.231262,73.672668
21.242081,119.821167
30.719597,41.402466
165.036377,301.084961
99.675629,122.633789
71.265701,40.264038
33.330444,179.642578
31.161903,60.93103
5.33564,34.183838
43.539474,85.089111
69.510681,44.636963
36.14827,117.5448
87.415413,90.111938
39.795372,55.053833
10.622894,45.178711
85.461128,37.550293
56.306412,33.040039
176.825882,63.830933
62.798645,56.338867
23.1996,12.58252
176.866867,62.530884
237.560425,192.444336
55.551865,82.942261
93.174477,59.665405
110.661148,29.636841
81.946587,154.29541
72.498428,62.353882
45.288044,81.799805
149.684235,27.398193
129.223816,30.942139
61.859238,33.869629
21.452286,55.918701
56.576859,36.426758
24.647049,75.200439
132.394257,44.993408
43.772758,91.399048
54.332428,81.284546
131.930969,87.213135
25.057053,86.542847
49.111862,106.221436
31.822021,57.106812
14.353317,47.053223
131.885727,62.03186
167.265732,100.245361
40.421471,54.276611
123.67984,156.254395
11.991058,30.636719
191.932037,77.265625
67.634399,85.252563
46.631058,44.716309
97.618423,103.203613
123.261642,170.424316
179.648804,142.525635
26.96344,91.95752
32.114349,104.491211
108.768356,72.345703
15.294243,76.538574
56.873756,92.195923
15.213348,99.587891
101.042938,39.670898
70.959007,14.339478
57.94426,97.572754
118.686157,107.239502
29.670959,48.609131
149.237976,85.302246
58.202553,108.544434
274.57074,131.608398
15.241768,80.653809
27.120007,36.194336
26.877396,20.749512
81.176208,124.905762
42.622692,50.624512
173.595505,34.994629
252.005127,141.46582
2.276814,62.895386
74.888123,2.973389
10.224129,59.623413
33.771591,19.660889
63.747482,62.279297
60.945084,115.245361
68.840286,75.228516
34.995468,54.342529
30.313965,60.313965
95.069473,55.484619
34.949757,53.799805
43.683685,61.175537
80.271561,69.341064
76.443161,80.706909
74.262871,190.168457
22.530506,44.180542
10.911041,111.754395
95.106819,89.5
62.565331,101.560547
9.183189,13.977661
133.256073,129.916016
32.076302,19.738525
184.953308,151.806152
2.013931,60.168945
41.860893,73.194824
97.164154,122.271484
60.164299,94.025146
77.085602,98.879883
106.354095,54.768799
101.659264,36.473877
33.482941,99.128418
120.634583,115.037109
55.675087,32.408569
110.077377,47.05542
9.7812,21.175903
47.846008,44.414551
29.793941,45.187744
121.683563,95.087036
111.794403,177.619629
117.656258,54.176392
20.22921,94.159302
115.175797,35.717834
51.530476,28.631714
56.434658,33.596924
47.810829,45.19458
64.089401,41.643066
116.651207,83.278809
50.281872,11.489441
49.918289,43.462402
67.341721,123.756836
179.88913,193.213867
71.307831,86.241577
95.577301,90.241699
41.232979,36.352051
13.269108,27.137573
35.244492,41.169922
157.130768,64.775208
15.037292,130.627441
9.226116,25.385376
122.680084,61.01709
66.605301,127.504395
52.254425,158.556641
84.153275,77.351929
41.556263,29.679688
227.746002,196.935059
11.760277,12.428711
41.774292,150.135254
95.959152,4.269897
220.79718,132.847168
63.448055,99.429138
4.872368,60.218262
21.719833,48.689819
75.141159,44.817749
27.471687,62.363403
73.237747,53.993408
40.1427,81.701416
139.241348,71.088745
194.684601,101.304199
103.218819,41.962402
31.061317,21.051636
64.303802,17.64209
83.993317,34.011963
47.019073,95.918701
4.401043,59.676025
44.423027,27.813721
234.024292,95.786133
79.320969,16.098633
16.213707,43.490967
114.019714,16.787598
17.262451,41.241699
106.819267,48.443359
164.91153,90.40918
19.723972,2.421753
37.43417,38.245483
31.141129,8.383911
10.353333,29.122803
20.840446,18.282715
115.892654,77.859375
57.974113,16.711243
94.791382,71.979736
48.727783,111.139648
134.485046,165.943359
21.88195,19.86499
81.348412,18.129639
60.746826,124.815918
103.144676,45.696777
95.683975,202.157471
23.576897,103.023682
22.306267,65.837158
91.550171,193.59668
64.103455,26.815552
123.876587,60.709473
13.420551,46.35022
97.92804,238.215088
71.175461,120.006348
33.352959,54.87793
136.640244,49
40.621155,9.128906
158.235352,171.246338
40.114838,34.272705
168.067734,31.817017
244.879807,108.037598
143.617706,91.54126
115.027115,64.679321
121.134323,99.863525
104.740448,37.692871
167.345032,175.572754
100.709625,6.077576
58.5994,13.224976
114.097214,97.002197
252.708374,60.987061
33.410889,77.303711
232.689575,172.144531
99.110443,108.032227
44.605301,9.791016
46.873566,208.462402
84.779541,53.371094
59.211105,17.399414
14.476173,53.160767
90.01458,96.810059
77.319016,40.927002
48.467194,45.646973
122.928177,39.789795
52.080616,112.419128
27.313004,46.841675
37.769531,13.194336
77.120972,49.567871
31.985489,62.084229
40.869396,61.686951
136.968353,229.402344
62.389374,23.023926
113.185173,65.171265
31.890533,70.950439
34.049496,68.643188
140.092926,12.884155
128.200714,42.655029
43.835117,92.220459
15.319511,34.733154
70.083405,64.471191
102.913719,30.040283
182.324158,35.880859
12.635029,97.265991
86.697197,52.003174
27.757996,52.626953
54.763504,9.368896
21.826912,91.862793
78.59317,17.457275
100.947388,107.986328
5.261406,18.030396
91.007523,39.348389
31.500046,13.11438
92.699783,85.162476
106.928909,32.608887
18.638748,34.545044
315.776978,125.894775
73.046448,67.580811
133.293152,67.030273
21.568081,26.437622
129.577728,95.786621
36.553947,55.669922
19.280556,69.71875
58.624615,110.597534
183.959061,21.477051
91.215279,91.528809
8.455627,32.331299
74.739075,56.179199
31.15242,140.665039
33.188202,19.873535
67.481377,16.536133
10.876503,69.605469
10.155312,126.560547
140.890808,171.194336
184.084671,63.041016
163.476532,133.474609
127.7127,97.142151
198.592529,66.600586
83.712257,27.881348
72.683456,51.657715
96.900696,124.562012
26.991135,110.936279
162.841232,59.083252
111.653976,128.016113
54.072105,126.802734
131.967773,81.689941
37.781982,35.405884
51.064331,14.490234
81.114212,28.360352
21.654694,42.643433
229.643036,112.445312
39.584839,15.95813
65.765144,76.166565
45.627762,158.627319
92.168633,79.21936
23.401192,99.952393
5.779915,42.057495
30.560699,119.980713
111.086029,37.002197
1.873322,119.777344
44.284084,40.419067
18.644291,24.433167
123.052002,56.500122
82.051971,89.864868
92.491913,105.850342
3.024788,29.856201
99.285461,117.564209
1.504219,182.84314
10.27726,105.719482
37.513855,6.857422
77.041519,34.43103
236.777832,114.42688
74.834541,66.410889
97.432938,51.912231
70.141922,25.386353
163.712296,93.38916
40.645561,21.205566
25.146481,25.530029
94.625084,71.71167
76.312119,63.3125
71.84082,48.770996
7.912437,14.039673
140.084351,93.569824
175.827576,148.712891
136.402283,60.083984
196.902664,101.079834
7.504402,34.523438
71.878113,98.130371
63.044891,3.905396
75.943939,12.598877
35.316151,4.491943
29.619434,37.055542
92.42672,67.110962
181.61673,121.03125
53.835007,10.895996
43.699654,145.557129
41.152107,88.845459
221.173279,159.118652
215.893707,1.492554
171.795746,150.581055
157.714294,51.774658
69.159904,10.891357
47.937393,25.746704
23.88269,92.772217
64.301994,9.790405
39.0243,35.2771
202.795319,150.57373
23.887089,33.542847
38.071171,41.659363
33.481873,62.305176
99.446472,60.674927
137.558243,49.157715
64.907745,176.990723
51.929337,53.294678
114.261353,87.755615
34.13372,133.647583
49.472359,11.729858
58.824856,106.908813
40.846905,2.300049
66.255981,81.663818
38.173489,80.410522
71.853638,82.396118
90.748276,78.47876
146.198166,32.311035
68.557175,79.647888
52.494019,33.990234
265.072021,104.097168
14.582184,29.187012
2.787933,39.377686
66.230667,43.901611
34.817566,136.864258
81.212311,89.217285
61.347099,35.388428
131.218384,107.028564
80.897148,79.560791
38.79034,60.847656
291.402832,57.216309
7.479767,31.944946
81.295074,60.069702
42.548607,104.119019
76.918045,121.582153
75.690216,27.03125
143.814301,171.344238
16.810825,5.37384
141.064819,136.363525
43.77475,40.551147
44.22834,113.35376
23.655823,100.258057
50.02269,146.716797
82.550156,82.784912
66.556381,30.425903
41.476593,7.565186
101.098366,102.927124
90.209656,284.069824
20.833458,94.163574
185.221802,78.604004
78.719925,52.994629
37.166672,51.162598
41.995239,5.654541
10.777252,33.641235
43.670959,72.373535
126.138878,89.304688
45.450539,143.812988
58.799141,46.009399
55.445023,74.914185
217.276703,175.236816
76.031982,144.693359
81.553864,19.682861
148.770157,89.679443
94.669067,93.71875
58.13456,59.095215
141.865189,47.951843
155.932068,39.941162
27.740219,30.391602
66.786972,134.4104
72.825775,55.218384
173.941223,95.97998
50.541046,43.276001
92.607597,63.027832
31.941856,17.477417
129.174973,33.343994
22.214787,50.759033
49.079185,55.120361
16.228935,29.001099
73.679932,94.296387
92.719727,23.413574
35.603107,8.830811
45.507492,26.343506
55.506897,88.166016
40.87104,58.407959
92.256805,72.75293
63.752411,65.612793
123.864471,137.917969
58.078568,16.395935
68.438599,3.07605
140.346344,13.568848
137.448883,90.143799
21.890701,62.437988
1.640732,66.463867
48.0895,139.108398
332.985229,56.625977
169.271606,34.740234
102.176826,55.349609
213.909821,94.61084
10.162865,22.608032
85.060059,48.798096
86.940147,126.821045
67.584381,41.452148
147.769714,55.398438
32.244255,104.810303
101.907196,109.921387
30.236954,111.756348
55.326736,109.505859
74.575027,57.388916
85.531342,9.486572
153.754547,72.983398
52.599899,75.521851
112.29715,18.199158
151.52623,60.129395
64.589172,34.343689
244.578934,81.047852
87.021317,123.071289
114.751068,60.503174
129.75061,78.700745
45.950912,142.328857
71.828094,11.07373
54.280968,25.375488
65.739433,74.871338
213.799805,78.487793
15.737312,15.192383
158.929504,5.002563
114.361893,42.987793
77.088844,9.063843
57.667213,98.470703
4.822746,32.129395
56.536102,44.355713
104.420517,67.969604
116.900696,40.276367
88.219131,30.777954
27.916981,88.439575
101.206444,27.729004
132.856049,115.035645
1.432678,70.918945
206.950867,39.736328
15.981743,48.068604
40.869316,36.657715
248.853333,172.479004
43.647949,68.095947
21.554939,53.589355
74.030594,60.70459
70.83976,9.132202
15.785889,41.717285
10.989853,43.532349
84.618073,29.82489
56.554134,28.803711
118.675583,120.201904
95.10025,12.312134
110.696304,69.351807
42.843063,62.119629
100.346306,21.328003
100.42289,98.370361
134.793427,75.62793
7.362762,22.411865
35.536171,42.90625
62.348267,120.219482
3.097443,41.185547
149.04306,112.027466
134.038757,227.70166
74.426361,126.242188
125.847687,110.12915
105.29538,13.970337
79.528,30.622314
25.513916,49.229004
139.681396,132.423096
131.30481,138.90332
84.824554,98.936523
67.892715,54.712402
22.540527,31.819458
27.816017,66.248535
11.696167,1.993408
125.148621,54.779297
39.260132,90.774658
45.97361,52.018066
65.638657,18.891235
27.325455,16.505371
69.65036,14.000977
18.580025,81.740479
37.74469,8.485107
133.747269,111.121704
104.099998,46.240967
38.682678,17.080566
113.370415,68.265869
70.829971,7.341309
87.008057,81.229126
87.688309,117.777832
196.426514,47.339355
69.619217,42.380737
37.545753,43.423828
65.635315,50.536011
31.414276,109.990479
76.585144,79.105469
50.158581,55.592834
266.023621,124.829102
56.60376,48.411987
34.993362,36.67627
180.495575,93.587891
112.619438,24.155945
59.259609,92.355347
62.274109,114.633545
100.235931,31.849609
82.825981,44.498779
75.899994,23.498047
55.720917,201.219727
108.168564,92.352051
133.39859,135.127686
189.557068,73.040527
22.531418,11.958984
3.459816,61.757141
48.92115,19.976196
57.769379,71.610107
53.134232,30.961914
51.20784,24.25
138.414291,42.25647
83.208267,106.218262
30.028381,7.997559
74.028496,92.800171
95.744949,62.207764
118.374756,41.555176
19.060196,64.560791
106.395927,53.323486
129.019394,98.341309
31.211342,42.986206
78.786789,82.655151
167.406647,63.536987
190.460724,23.472168
74.304001,155.776367
42.620464,27.518555
30.984837,68.213501
1.890518,37.191895
74.955215,63.974121
72.110619,66.4375
43.264694,26.503418
164.742401,38.87146
84.169968,130.598633
187.468872,85.916504
131.319077,96.914673
82.006844,16.705444
39.216354,54.11499
37.215988,17.736572
168.492599,98.427734
118.656296,68.518005
115.420677,54.638062
103.850861,55.189697
15.022751,101.619629
60.88583,26.500244
45.008263,5.889648
8.478996,90.238403
137.710175,13.796875
104.876366,41.417725
120.283676,78.065491
86.652817,109.822876
103.740479,54.431396
83.650284,56.43811
47.959923,84.331543
145.835037,74.532471
98.427002,10.01001
40.676407,26.254883
122.106102,64.276733
1.634941,47.161377
76.715363,35.515259
41.350101,5.25
6.700241,55.561523
59.227062,72.461182
313.457916,148.858398
283.5849,94.4375
91.853569,113.651123
29.832451,34.037476
27.513817,51.189697
2.307426,16.602295
53.244484,1.847656
59.276913,41.309631
89.651093,50.80957
153.221619,178.753296
57.232979,57.971802
15.115761,112.117065
38.296692,90.14624
11.175407,8.012939
83.448608,83.616211
155.13942,95.706055
124.890152,33.488281
88.92981,27.981201
93.86451,4.071472
28.20332,106.208984
87.57016,37.708496
105.629669,82.678467
57.317322,15.148193
62.522102,10.889771
72.046539,131.931152
59.953407,53.773315
28.079498,76.600952
164.303589,54.531982
40.853333,13.458008
57.293381,48.240723
137.97554,98.705078
47.349731,147.478516
50.734497,5.782471
30.712082,32.240967
57.841736,27.88855
173.109741,193.96582
46.450859,16.436157
3.528908,48.33728
155.317963,79.615967
102.892204,59.911133
38.749191,42.119751
81.800026,59.359863
130.182266,16.062256
38.864021,29.118896
69.427429,59.614136
17.252773,27.310791
87.822495,26.529907
131.416458,41.35498
63.563728,17.472656
20.979553,36.639282
107.507065,166.588867
35.183159,15.762634
88.608078,58.166504
136.922699,212.82959
87.069092,42.513489
50.083939,65.942139
11.671295,127
66.674759,32.028931
81.354691,122.383423
144.83136,91.926636
17.172043,7.58667
70.481934,169.13916
75.670425,118.178955
85.994659,43.737305
122.772552,54.244751
49.240738,89.186035
67.065765,44.643433
30.704762,8.922729
35.177048,28.789307
39.55645,56.279541
113.711197,71.315308
99.796204,126.47998
44.402939,45.332764
73.494751,47.346375
292.819,46.716797
175.472534,117.343262
76.72908,2.829834
145.577087,82.966309
110.721466,131.425293
32.645615,118.359619
30.468414,31.300049
56.830418,12.290894
154.284409,68.058716
82.572845,71.365112
82.437332,66.869385
29.402328,92.310059
37.760742,44.281738
6.93013,78.545898
63.834961,21.022583
3.995544,83.52002
10.428448,14.304688
10.536087,31.233521
116.652184,119.690674
52.842457,80.620361
175.90332,59.082031
27.100601,79.131348
87.36055,62.964233
127.937256,107.848145
64.696136,91.148193
41.975548,84.623047
128.768295,186.768799
3.930603,67.486328
52.632088,85.279541
6.429516,114.052856
228.056946,57.278809
62.409744,97.525879
94.215752,66.174622
11.086227,148.419922
169.926056,128.832031
47.133347,134.07666
99.080757,56.442871
85.696472,102.503418
16.172409,28.591675
33.901482,50.251831
74.830444,103.056641
254.560715,112.192749
21.710953,55.01123
23.725624,25.311523
60.606422,112.674316
7.309326,97.237183
38.510345,46.067871
80.21241,69.475342
45.653679,22.316284
64.597015,124.040039
163.358643,50.803467
89.46167,72.613037
56.864368,83.303711
29.413837,94.530029
154.634521,132.306152
42.977493,73.826172
38.51387,66.263916
89.934021,214.775391
101.929794,99.080933
111.091705,248.289062
222.364197,31.883301
24.121788,101.477417
80.672195,132.103027
17.964432,28.30957
56.118568,70.715576
59.43103,92.753662
67.281982,56.861816
59.280121,56.529297
23.12088,7.855469
87.468338,91.187256
165.213226,263.853027
69.120033,59.272339
5.799274,81.166992
83.331879,35.932617
28.855774,75.447266
66.322159,84.495972
55.023163,57.763184
166.15863,178.805176
187.878769,31.193237
216.438538,219.576172
31.065166,23.771851
56.809387,129.031494
62.518108,76.888428
67.790939,49.001465
65.015015,7.90686
91.148438,55.295166
70.501259,22.997803
69.90802,61.499023
57.20718,92.833191
28.114807,77.512695
124.650909,68.214355
122.68103,20.344116
145.615005,51.469971
110.633621,44.782837
80.136292,19.687622
115.025688,6.257812
27.623116,6.294189
24.305977,21.697754
19.334579,10.575684
260.985931,77.341064
123.429733,179.071533
49.916122,28.988037
5.375515,45.762329
167.2547,159.5625
102.731499,117.525391
141.910019,46.750977
119.742767,95.272217
8.69524,7.23291
64.524353,99.446411
22.397938,51.53833
45.924911,72.596558
64.936661,32.767944
23.373108,7.274902
13.337772,73.032471
53.437103,78.376709
46.924461,82.950684
99.373566,59.043945
51.941929,34.405151
57.766785,37.778198
172.106171,129.380859
42.930023,15.13623
16.820808,80.104858
46.440094,38.406128
90.401642,108.115234
120.111313,106.959961
126.39946,56.482666
5.449379,143.867798
47.678272,117.927856
114.515472,50.944336
80.948547,81.959961
39.427383,49.69751
68.80983,45.374268
73.005707,75.116211
52.782227,60.834473
92.185394,45.158447
44.085163,39.702026
83.812737,113.334717
8.883942,32.831665
94.736908,93.658691
111.371384,75.228882
99.487854,15.984497
15.457474,22.696289
25.457397,66.234375
102.866974,41.877197
49.393185,52.852417
47.730469,31.398438
70.988121,61.520203
17.560432,59.150879
109.494781,110.30957
107.824234,10.323242
26.849236,55.151367
69.4422,64.555664
43.673725,39.352417
12.807007,87.905518
34.635681,62.444824
78.466766,12.440186
193.129852,310.619141
41.795334,209.157715
33.162613,42.075684
171.936981,153.56897
3.444031,72.521973
141.036911,69.248291
15.774017,58.490112
68.871758,55.382812
147.059921,160.601807
47.264988,59.146729
28.214821,59.137329
39.361019,110.420654
135.55603,75.419189
71.494751,52.245605
6.206303,45.159912
171.991226,54.767822
56.753433,14.074463
114.346794,73.153076
39.592453,14.582397
116.67981,76.262695
85.936249,37.849731
152.76712,85.602295
60.942642,126.508789
136.240875,91.103943
68.418686,74.332031
94.21962,3.103271
67.995102,54.867065
115.400658,59.765625
67.775436,86.783081
151.516846,106.624512
130.620102,52.327393
75.144379,23.84082
138.617661,41.190674
180.515793,61.679199
56.578522,57.885742
135.723099,144.144653
99.485207,55.963379
29.723469,28.598694
25.128616,13.5896
25.371223,26.169067
47.42844,2.821899
142.839325,90.88916
2.396423,27.616089
3.432159,46.60437
42.69585,90.716919
185.049255,209.251953
60.86536,65.203125
47.075672,30.318237
58.053375,45.527588
122.344666,100.139648
41.16077,30.24408
129.350052,190.752441
50.583618,66.885742
43.04908,72.055054
40.55822,92.81665
95.367294,39.844727
76.296326,34.226074
187.536621,89.307617
58.483234,113.919312
86.215057,51.805481
37.134796,112.069519
85.137665,69.123291
117.94297,29.166016
103.202522,61.118896
35.317932,159.833008
8.978424,31.050171
143.213776,158.09436
129.200195,56.057007
72.310165,37.45105
110.383171,61.714478
35.819695,73.442871
9.113991,85.870483
52.395714,119.606934
35.402603,72.019043
57.345642,27.364014
19.217945,26.109741
77.802849,86.948364
53.898865,26.693359
17.045578,63.630127
84.519432,134.472168
130.523987,95.21582
119.384003,107.967041
48.35392,103.422363
172.471283,299.616699
122.610535,174.760254
95.126556,3.499023
65.069748,53.773682
19.650482,30.963867
11.51432,50.136963
57.796062,73.855713
71.393005,56.938232
12.79435,35.385498
17.580116,49.906616
51.250565,101.089478
19.872696,37.901123
129.961731,42.407593
150.328827,182.300537
87.928162,80.581421
34.11348,55.106812
47.104565,52.900513
69.426193,10.489868
80.319611,69.441101
86.205246,54.435547
114.634422,79.812256
69.944344,38.950317
146.707092,79.618164
95.409286,24.806274
174.413452,49.304688
151.046906,84.515381
177.858368,75.446716
65.927246,11.311157
37.885895,100.1203
20.829754,8.381653
59.594921,10.674194
76.041351,44.417603
35.909405,41.411499
63.611755,95.665283
55.601982,107.442993
36.690918,86.248169
113.835449,124.945557
76.947395,37.43689
25.610973,15.75769
71.259964,2.197754
52.234283,78.479492
43.56311,40.083984
19.147964,2.302429
89.275169,44.014038
159.320038,10.48584
136.485275,10.185852
92.3591,182.673828
2.601952,92.429565
89.399376,118.982178
72.177948,32.16626
9.039177,70.534302
80.615616,21.3125
41.205276,65.282227
53.006195,25.848145
62.445709,40.614746
21.267006,34.182495
79.154434,77.188354
36.571701,67.787109
45.603806,102.385254
283.177765,61.211914
232.062775,106.746338
28.798874,21.710327
24.649052,30.310791
103.113022,25.469849
100.99926,30.854736
76.927582,22.103516
142.202118,77.706055
75.848236,57.02124
53.766506,22.382263
153.004761,65.310303
115.574722,50.879456
59.252468,46.686035
37.212494,27.434326
150.673615,103.21875
64.507729,60.974487
101.093353,73.325928
96.715172,8.247925
31.485748,87.793457
39.621735,30.637329
31.635277,30.902832
78.756668,19.231995
8.605148,9.308594
50.744595,16.336548
143.246613,123.618042
115.220291,46.182617
72.633865,152.339844
244.705353,306.002075
38.515289,6.904785
11.131363,24.071777
25.358818,49.333862
79.174248,118.147217
43.265171,69.535217
79.152634,1.992554
62.875229,35.614746
74.988258,57.445068
32.816895,21.381836
52.411201,88.134033
93.72007,27.163696
55.872952,27.409546
35.634663,81.660767
49.427532,39.737732
41.784492,66.655273
132.727402,54.21167
56.866425,8.077637
59.180634,43.973877
54.381588,58.374023
83.119209,44.165039
80.82901,52.394653
34.549831,76.989258
91.698059,98.498413
99.065964,133.071045
75.336464,49.828613
92.624939,65.261719
21.885231,157.975342
48.579834,96.969238
89.993515,60.141235
141.301727,101.979248
91.853828,50.573242
2.328068,28.637817
104.37101,98.389404
146.248032,71.903564
5.694901,18.748169
56.969276,57.821655
90.167114,44.445801
78.738922,124.141602
43.604687,3.054504
48.278748,100.9021
91.328156,109.035156
95.569672,197.026855
114.830536,77.844727
112.315552,64.569824
191.388672,103.010376
180.76947,125.307129
34.792023,14.133545
50.264206,70.952393
83.085304,94.656616
86.570129,82.86969
25.939919,45.579834
83.868362,49.62793
57.148312,51.931213
59.661865,24.525391
161.385696,135.342041
4.064697,13.64917
149.314911,46.050781
160.194687,103.238037
30.602409,112.385742
35.009338,61.977783
60.309578,75.599976
58.912319,61.517456
77.202042,63.530151
89.24485,50.511475
45.369766,17.170044
30.834061,20.604248
18.222939,10.503418
259.761566,93.072754
79.757706,57.76123
84.716118,24.173828
24.325901,13.033691
238.154922,87.166016
101.495941,34.695312
36.669128,27.116455
70.746552,32.580566
111.333206,137.927246
55.104195,40.446533
50.143948,9.10498
116.782982,26.83252
25.840332,72.585693
84.363892,54.015137
93.112434,49.745239
199.602997,45.292969
40.833263,27.65094
36.439583,65.11499
52.824356,92.759766
134.83493,98.93689
103.088226,133.792236
68.524933,146.338867
40.730591,90.222778
174.268402,12.558594
25.461739,81.311768
9.708393,79.138184
61.721031,34.762695
254.381958,144.520874
50.108284,15.634644
92.902115,78.792236
9.427864,23.032715
65.376991,52.729858
4.753784,36.161133
145.594284,106.287048
53.224243,166.522217
225.692017,218.420898
28.06052,132.984009
41.742805,74.078613
261.808563,13.10498
94.551353,4.554199
55.474033,107.859985
142.961426,48.490723
194.917938,55.208008
71.408501,46.622559
62.896271,5.5
19.260044,11.892212
135.77417,76.083496
143.34549,82.213257
57.295959,189.280762
99.562782,142.744995
54.189392,100.476074
129.521149,120.713867
58.079376,103.698975
32.743885,17.583435
146.310593,237.335938
30.04184,7.021484
67.683228,205.149658
65.743179,77.896729
68.257492,69.854248
49.127579,122.141907
2.564789,167.10498
66.210907,29.627808
173.384338,37.38623
38.981682,2.294434
2.747757,1.773438
57.788994,157.47876
23.004749,53.108643
32.358532,20.38916
47.558098,44.850464
1.395416,35.961426
112.307236,146.352966
57.465263,10.810791
116.232132,11.298828
91.34967,57.479309
25.303436,4.383789
113.125534,99.480957
62.92614,74.776855
63.232151,25.75885
53.693886,21.74292
25.456455,75.340332
57.387234,56.593384
28.995361,44.481201
67.661179,41.960083
75.708763,136.77478
53.743023,85.140442
17.099117,70.469238
43.899399,39.368896
111.414993,31.505371
101.399323,49.543945
62.469276,36.660889
137.225739,155.119141
52.930542,185.474854
22.58094,31.515869
75.141235,75.82135
39.211853,119.398193
101.77108,54.564941
101.666397,47.91687
33.589874,8.845215
68.868675,74.106323
183.105042,39.154053
92.147522,37.141724
119.819778,31.411255
52.39328,6.474365
118.280731,67.123657
58.93692,48.379761
257.630005,63.161133
40.754669,24.294922
18.693798,63.856628
40.895294,29.555664
42.888466,14.633179
91.641502,71.87207
94.41835,29.400635
80.132721,133.897461
33.936474,4.364075
60.731274,40.356079
31.939041,96.278564
53.533028,47.590698
90.501801,28.686279
32.607498,117.716309
49.544189,171.259277
146.025681,70.701172
133.139633,100.880493
116.650864,115.328125
89.127533,84.192871
28.877781,28.437988
76.845108,13.822876
61.718624,53.738342
80.011627,50.968506
19.222183,37.154907
45.934975,124.612305
24.057755,141.736816
8.136936,34.942688
58.409691,40.272339
22.756317,143.835938
105.731674,128.696777
44.53614,90.57373
118.088455,50.961426
18.856201,108.768555
76.858688,92.626953
25.20369,27.493164
202.634125,189.206299
14.884007,56.607666
85.236771,45.297852
75.351036,117.856689
7.786827,73.092285
47.767967,34.307617
60.563744,43.194702
14.420399,60.952393
211.110397,14.916016
83.91571,64.383789
43.92453,40.904053
91.696899,92.114258
52.34132,61.122681
33.314156,105.190308
71.361389,175.538086
43.947823,42.579224
56.647995,119.786499
64.505524,49.276611
30.754608,11.15625
39.941216,85.628174
14.717155,73.76416
117.249023,81.270508
49.927696,26.065186
51.855316,13.609497
27.715569,3.844727
57.899384,35.918945
41.056618,56.817749
10.37487,27.350586
169.520508,189.464355
118.142181,68.570557
50.453224,7.665894
45.107758,131.519043
55.567078,69.513306
36.316048,45.005005
22.0578,7.426147
1.50824,20.691528
139.664124,79.992188
28.012299,30.391357
89.536682,121.999023
95.002594,114.154541
23.242775,29.838379
41.452705,45.150635
38.177578,92.486084
2.746025,36.749023
67.821579,94.977539
49.551319,36.662659
143.436829,146.939209
72.312927,29.576172
86.884262,87.253052
77.506607,100.236694
72.264893,94.675781
2.591644,40.398071
84.280594,46.577393
89.992699,152.598022
65.403236,101.084351
131.065033,91.172729
74.984367,132.627075
43.448975,162.273438
62.36599,75.265137
108.913132,69.721313
75.686409,81.0625
178.470276,180.025391
63.363129,60.381104
14.27124,48.057373
6.688629,47.171631
157.173752,89.400879
96.348999,150.771973
81.74601,77.666748
12.68475,12.488953
105.681915,82.363281
104.635193,140.131348
67.523743,41.015625
56.225975,55.627197
105.249741,24.547974
66.087128,44.922607
79.282227,50.428955
121.907181,51.241943
73.653023,49.343018
3.968384,27.23938
81.724319,66.930725
14.83223,3.126465
55.817535,50.762939
84.865974,78.736816
44.553894,105.844238
7.535683,28.266479
70.087601,72.740723
49.044128,126.426636
92.906654,24.665283
30.513794,102.433594
104.725693,5.18042
77.430191,21.253784
102.403969,66.593384
26.400345,28.256348
75.290619,67.253174
44.111084,36.977783
60.694489,142.913086
16.950485,59.723389
98.451569,3.541138
110.476723,5.221802
24.543472,37.521851
89.0457,61.918213
33.57872,43.847168
70.620102,58.231689
37.153702,43.168457
114.226295,157.234375
153.459961,56.581543
47.147972,11.650024
94.198669,153.961182
14.33429,93.962402
13.289009,53.644287
141.890472,51.839722
46.795891,11.736694
161.73526,144.795898
51.973274,66.882568
52.997757,85.291504
77.996124,2.926025
80.157936,38.192261
22.188385,39.942383
146.549683,66.708008
53.278198,87.593506
26.340805,42.379028
113.460022,145.35498
55.99781,119.31665
19.898853,49.901001
48.781109,14.642822
106.463341,67.334961
88.787216,22.821289
61.031097,150.48877
70.526711,104.188232
95.162811,57.686279
166.438965,59.707031
101.093239,84.646973
96.567642,72.974976
115.124023,230.007812
97.596199,87.566528
32.012299,150.37207
25.229542,88.384094
65.706573,56.240112
106.132599,212.019531
6.729675,156.407715
36.51297,120.609924
83.660034,73.597168
3.480232,116.067993
3.285378,58.824951
108.032944,125.745117
81.722008,103.014404
66.677589,83.493652
51.510063,60.193726
48.823708,81.903198
9.915169,46.949951
92.770477,73.191406
187.848129,122.254883
20.676151,44.582092
51.792774,61.053101
70.387482,69.690918
195.699677,32.69043
25.971634,4.88147
155.950119,89.794922
64.082146,32.771484
44.067093,17.544922
27.819946,75.021729
71.633904,48.927002
4.599564,38.633789
3.757309,4.30835
92.417221,108.15332
17.84333,7.003052
28.969536,6.429199
58.885971,52.53595
59.258595,88.133789
84.768982,23.467773
158.211975,125.479492
154.402969,30.07959
213.241119,23.396484
32.539047,66.697266
53.219238,40.102539
54.072403,132.671387
23.294563,25.485352
23.653717,70.909302
18.287571,93.691589
113.379753,26.155518
59.200356,32.088257
138.664383,25.848267
74.177567,52.176636
73.11264,51.718506
100.670197,65.614624
42.475254,52.035706
87.218582,106.195312
20.040146,30.447754
176.557755,82.804321
72.36245,16.020508
50.046021,57.22876
16.437927,26.635254
29.504082,17.687256
18.697433,66.154297
106.304146,61.4375
121.986435,12.110596
34.311234,61.348755
31.624092,33.035034
31.854706,77.521484
158.319214,337.811523
282.8125,227.787109
43.57832,37.49054
48.960285,36.45752
49.744171,79.129883
63.086555,15.545532
129.554993,18.036804
91.381439,17.373779
90.175262,10.423584
53.775864,14.201904
101.306763,97.6875
91.808014,33.182373
52.908234,54.30835
24.34201,22.881348
39.278519,42.488159
363.42041,196.679688
85.686447,161.416016
69.272812,164.078613
102.735748,42.065552
131.889709,48.726318
28.194,38.471069
169.618179,70.263306
62.763519,31.48584
191.917999,49.746094
20.083481,16.87384
64.259186,44.127625
26.251442,65.331543
57.203053,109.088745
188.83876,32.363281
33.209129,114.475586
65.724022,70.409424
113.400505,53.15271
131.653503,153.066406
83.929962,8.200439
20.650967,110.392456
73.258881,15.598511
82.675209,30.422729
47.222794,101.972656
8.594543,39.184692
73.728333,150.759399
180.106186,84.027832
73.246872,51.320801
35.463665,81.66748
62.518921,92.20166
174.417938,84.741699
160.819641,106.692383
119.992126,41.974243
47.14006,77.282715
90.077087,105.069824
2.092167,121.943115
90.26873,22.503906
170.913986,32.277832
100.936996,76.589355
114.826721,52.104492
25.508335,47.298706
35.977539,137.499512
138.917877,103.864014
144.205536,150.370117
58.423759,130.092163
23.822254,84.525146
38.616829,33.422607
66.109818,80.074219
27.018158,64.32019
115.059814,41.344849
82.496063,17.271973
99.546684,141.293091
130.079269,115.331055
40.235992,11.583496
77.339119,46.753906
89.341171,89.9375
40.951004,82.229492
15.92239,43.415894
68.335999,163.828369
50.335827,44.369629
123.02375,82.929199
84.419563,121.803955
122.562469,124.319824
74.039413,107.319214
33.035706,56.0625
35.679199,29.462891
9.623489,63.373047
169.620605,126.229004
130.913635,91.142456
134.906693,72.743164
44.249634,37.757935
138.539398,61.141846
27.609146,42.598389
128.386444,88.564209
54.617981,28.324585
13.095757,99.92749
20.870621,58.599121
188.85965,139.375
105.025543,181.149414
58.453545,63.509155
20.946907,23.597656
51.274872,72.15332
51.646423,60.586914
67.364777,53.185059
220.028412,129.21875
133.735687,40.449463
107.38327,115.572266
32.403046,21.682617
163.243225,69.00293
30.346466,135.107422
203.019424,87.524414
50.32132,31.79248
47.479218,16.425293
27.748619,56.251282
51.918488,86.90625
53.118675,14.202026
107.090675,71.599365
132.47168,89.072266
61.033173,4.259033
93.772079,44.609131
116.074409,67.585693
13.202885,45.447449
108.722809,25.873291
50.227173,225.249756
27.495163,38.089844
105.237396,57.324707
107.994293,92.951172
57.158436,67.938354
101.192871,121.175537
75.844208,62.955322
89.771919,118.535278
107.212189,62.589722
152.788132,28.30127
24.412643,13.869995
85.838593,93.904785
57.893005,73.228882
285.070007,85.450684
69.680328,27.684082
66.614372,67.576599
69.871063,68.655396
192.265991,95.107666
14.544239,42.692627
53.790123,41.668213
102.931915,1.699463
42.96244,77.458496
13.219852,68.209167
37.813019,41.034668
4.223389,71.263306
74.972778,141.339111
71.887207,57.930176
55.890228,12.134766
89.267548,220.049805
71.154747,4.546875
24.995834,7.901123
6.21381,39.945923
59.994423,77.923218
26.800819,45.204468
129.1259,37.743164
56.121426,43.171936
54.965893,86.079712
127.607391,119.480469
50.666512,76.447021
17.007538,124.2229
22.948044,135.869629
98.037109,107.667847
107.439415,157.214722
55.179371,73.592163
83.962769,12.842163
52.798828,107.946289
84.571739,49.890625
87.37674,16.057373
102.110878,2.515869
83.929901,84.396484
54.951229,65.894653
8.342552,6.939697
75.302399,12.129639
30.633682,86.607666
207.985718,213.702637
81.869858,20.960449
72.009857,171.273926
134.825989,189.90332
149.093018,104.405273
78.553909,54.161865
26.286205,79.513
8.175495,90.367493
96.387886,25.734131
39.44397,27.2276
142.357956,57.431885
19.96698,144.367432
127.906822,83.21167
160.769119,79.164551
38.240189,92.657532
74.812668,79.568481
238.236389,82.714844
138.242935,47.8573
24.24855,31.163696
2.673611,81.954468
13.681644,33.803833
81.978607,76.447998
78.861389,44.669556
23.450657,39.11261
42.191719,18.818237
66.183197,82.424255
19.448807,59.068115
79.375412,54.348328
85.808899,108.659241
58.485168,117.630615
56.037415,79.691895
66.551186,29.490906
113.782074,59.009277
156.138199,84.807617
65.287628,31.080444
88.149048,16.819397
111.504509,86.610718
7.502907,45.111572
85.248657,113.853882
75.445328,133.421143
74.675018,112.500488
119.37368,7.142456
23.318405,109.966309
64.802521,60.307007
17.883522,50.394409
145.329132,123.349609
80.063583,100.324219
64.924744,65.63562
44.63829,43.846191
152.896637,5.20874
29.10062,22.084351
89.922607,14.577393
108.431427,146.166748
123.631203,40.927734
78.155098,24.784546
162.457916,206.786621
68.766289,72.098877
206.47583,57.822144
50.773285,23.348145
148.96283,24.523682
29.870842,97.817017
153.37677,102.629395
53.539581,209.927246
164.529053,109.542847
104.285378,52.829956
73.187836,56.321777
28.683701,21.82251
36.509705,15.25
38.733261,40.902832
27.115341,19.237793
100.719147,49.940063
15.763966,97.502197
54.827957,72.681885
10.39122,133.713867
46.464455,80.7146
159.236542,43.063477
43.738533,72.380615
31.204258,85.706116
179.253342,187.819092
16.56242,66.697388
113.549316,42.356079
13.362823,49.494141
68.745186,26.866943
99.095413,62.865112
33.085747,41.408569
114.173782,81.842041
121.447159,80.205811
12.092926,120.036255
4359.175781,6499.70752
58.451233,97.708252
83.14061,68.450195
108.756844,102.783691
66.762299,61.721375
68.983215,42.48645
136.302765,55.737793
15.84079,100.07666
72.640869,25.604492
95.005569,8.358887
120.35968,92.039307
93.379868,179.137695
182.941849,98.449463
105.618866,86.119141
66.453842,66.755127
39.640549,79.955566
25.167542,45.145996
152.107925,142.089355
61.792183,41.258911
94.076538,115
157.842407,101.902344
46.27742,30.894043
9.525742,47.904175
120.521957,30.197998
47.054153,23.476074
102.818924,31.898926
33.861481,35.222168
124.538864,101.718018
18.763954,43.90979
42.614437,36.18219
186.988571,51.087891
27.53418,8.50293
7.536247,45.391113
164.810974,92.301025
5.841885,24.2771
276.185364,85.110352
19.404373,105.363281
39.389782,73.662842
52.265076,32.38031
51.36203,85.310059
13.951553,60.415039
68.235031,9.578979
43.829144,72.155823
58.097839,57.052856
56.857975,75.121704
5.710373,56.157227
136.048553,19.227783
48.341217,7.350098
55.46463,61.849854
11.880604,21.670532
98.324081,65.333252
97.709839,11.225342
35.977013,101.877441
66.242241,92.266113
8.411724,27.392822
5.452305,90.769531
25.272179,54.404785
83.717346,14.564453
73.844666,103.247803
96.888481,98.213013
112.3927,105.20752
30.635956,62.651367
24.007168,127.974915
87.773224,159.505371
19.397324,96.951538
82.100189,27.916016
76.835686,90.41333
65.913742,116.478027
94.317528,78.733032
160.220734,27.933594
61.737274,69.783203
55.519585,35.895142
34.471256,55.279419
24.776634,58.399048
64.472252,134.502441
91.40329,63.134277
61.573215,32.004517
176.218826,137.499023
47.208603,29.704895
108.641632,56.795654
98.460556,74.572754
77.214317,56.315552
81.886879,47.008301
4.893024,5.277222
24.747581,49.361938
178.651505,227.161133
140.583313,57.19165
116.115341,55.69812
117.777145,123.25708
121.747925,120.810791
26.706429,17.816711
63.26593,140.096191
248.003784,195.800293
55.86314,91.914124
177.402863,108.415771
38.045067,61.699341
25.84494,31.349121
8.361778,24.501953
107.727371,86.903076
60.817604,41.198853
110.733276,114.061035
113.554207,138.758667
101.266678,82.062012
72.380699,90.706055
235.204376,138.093384
167.194885,43.008789
8.122063,1.453064
100.432648,162.652466
94.01693,32.95105
111.663582,139.847656
108.570961,95.530273
33.301926,95.289917
11.165649,12.694092
30.518478,144.847412
155.468948,93.582764
180.460327,107.052734
49.021423,28.434814
194.84082,66.391113
52.088539,34.412231
15.273102,31.36084
14.97641,55.050781
19.015388,67.141602
6.955933,306.629883
57.108078,34.541809
33.184669,33.157349
189.363098,184.290894
66.889404,204.84668
81.967697,16.024292
9.525635,18.291138
14.662914,85.549622
104.87381,114.872314
99.002541,31.494751
81.621674,43.737305
11.426361,114.432861
10.485336,75.280273
71.573349,80.69751
51.48386,28.886963
75.341621,53.803467
52.101059,65.012207
31.148575,84.302002
120.396568,49.220703
15.365746,87.620239
123.0979,65.218262
69.350845,48.825684
149.806198,86.924561
24.15007,20.410034
65.172943,80.60675
58.131706,58.260498
49.79385,92.870605
38.665016,60.522217
115.442291,67.711182
66.814392,11.376465
9.579742,48.659546
68.431213,36.971191
183.193817,19.864502
48.284996,53.987061
44.203262,14.696655
9.935562,86.161133
11.852367,79.291382
30.197289,64.217407
21.487823,46.079102
62.890755,40.984009
164.168549,179.070312
93.698959,126.82373
75.415459,62.165527
2.766853,64.791565
32.120678,32.628235
34.461739,24.723389
42.548195,56.273682
37.708675,78.93335
63.850449,35.60437
55.320286,50.222534
37.398201,168.150146
89.897903,65.934204
14.819817,33.828247
83.367134,42.363647
16.730583,32.484863
43.604889,38.72583
94.148346,68.640137
69.635864,56.970215
70.529999,187.482422
11.790627,143.115601
73.117775,65.252563
13.848068,55.115356
59.589989,52.862
35.28561,62.240112
85.695496,77.734375
140.33374,96.028687
88.35923,42.243164
42.886826,94.593262
8.522156,40.760742
99.693314,92.095947
40.266884,39.494141
83.189957,123.024902
152.020569,87.996582
17.691666,36.041382
157.660568,59.044434
143.048676,96.421387
111.882957,15.938843
99.372963,98.356689
5.539795,51.75
60.147858,135.498047
58.999039,78.740723
55.596424,18.92041
98.368439,65.945801
79.170166,28.65625
90.453461,47.3125
16.936367,47.37915
116.25901,150.665039
27.736996,24.09552
11.292801,19.098633
34.286419,23.483337
101.522629,22.685425
139.451431,43.30127
96.65081,57.656128
44.63102,54.984619
54.334751,127.664917
38.638077,84.811035
128.497757,37.061279
22.18383,59.401123
89.773178,65.154785
74.110901,29.643799
165.833878,125.779053
120.39653,86.885742
90.675949,40.086182
53.218563,21.522766
36.358711,61.17334
47.745384,58.953979
105.04673,53.999756
64.108299,17.043945
112.684944,41.371094
24.32766,8.135132
39.019569,24.779968
11.643066,54.456177
81.423416,74.350586
59.013836,71.846191
37.645256,53.844666
25.561985,59.58728
30.210068,100.348389
67.387146,213.926758
66.941536,69.949707
31.42009,31.856689
124.972473,85.846191
40.388039,73.876221
95.756287,56.816406
89.053635,29.574585
155.789276,141.542969
274.145142,120.62793
165.887039,83.819336
49.231415,109.445801
42.061039,75.395874
19.260185,73.869629
194.00827,91.401855
139.950302,77.252441
44.134941,62.868652
252.114166,268.777832
29.812622,66.571777
90.125046,36.077454
171.12355,185.94751
189.198685,37.306152
8.71711,112.739502
138.674164,144.927246
97.388199,117.356201
33.129692,51.289917
51.969284,28.550415
92.750893,54.986145
60.461178,99.046631
81.644173,87.392212
30.751133,3.079102
126.217026,116.003906
86.338028,105.44812
55.545406,41.426453
52.65136,99.036621
59.877117,59.332092
26.453541,81.005615
97.484467,46.441284
114.599655,47.099609
8.673744,16.361816
74.450294,33.135742
30.586346,6.093384
64.74263,90.984314
107.381973,73.021729
157.575562,66.813477
107.576729,45.812012
61.507767,44.428711
42.675987,4.526489
103.451202,39.575439
148.730072,57.213867
94.38382,1.832031
11.71381,82.595459
38.622978,32.845581
104.327194,106.390259
84.345581,129.962402
49.577789,3.533447
100.724365,160.842773
131.28447,83.620605
34.952305,44.748169
153.306427,114.974609
66.831657,37.605103
65.508583,63.224182
68.616333,29.74176
87.57045,114.655762
100.205254,42.02832
97.298981,72.000732
97.987907,74.525024
32.220039,58.857178
239.123611,227.427246
17.387772,131.932617
76.360565,57.413513
73.473343,31.877686
17.030704,115.32959
31.727768,6.140503
110.4263,119.824829
23.1632,76.080566
24.656593,23.822998
29.254089,43.279785
45.600933,6.010254
39.688011,37.286499
29.660816,87.008179
46.657578,4.46875
33.670727,61.869141
107.054802,49.704834
29.088821,38.799805
50.862175,18.743286
66.450348,89.971191
26.649307,137.436279
48.718929,11.102722
55.115231,13.550903
92.632675,91.063232
62.376724,53.114868
75.541428,71.097778
73.209167,69.824463
93.525635,52.267944
70.8526,64.41748
54.678646,51.890869
87.097687,1.755127
62.468788,29.522827
53.992584,161.398438
77.625534,31.722168
36.138515,46.471436
171.738556,113.802734
106.078033,104.909668
98.211136,46.796265
73.727142,88.050049
22.827999,18.032959
18.829273,134.349365
37.579597,58.448975
124.364365,280.681641
34.021263,54.539551
171.405945,184.131592
66.622391,29.958069
48.286392,18.259766
103.305283,85.078857
91.211548,57.654297
25.815811,34.061646
66.491577,95.685303
25.499771,92.790527
95.869492,240.126465
42.516525,34.885559
13.925278,148.946777
145.86554,107.293457
71.648567,63.234863
102.518028,13.162964
38.846497,42.014648
85.708099,113.850708
198.531998,94.539917
76.974922,26.374023
27.436886,38.9729
204.93512,114.546875
45.649361,27.362305
83.284134,66.71936
85.382591,2.077881
251.923157,129.178223
121.036949,109.71936
33.083435,23.32666
88.360359,54.459229
23.281921,141.699707
107.537384,86.485352
6.749855,26.467651
115.191544,98.377808
28.167542,99.15802
84.672852,63.651428
42.742439,68.529419
87.600311,125.642334
8.514435,13.756592
32.7118,73.80542
8.207291,8.132446
32.805695,23.332886
37.140839,59.939697
94.114677,20.999634
31.479103,77.457031
162.342545,88.026855
201.397034,61.994019
99.676491,53.795166
81.430244,46.77417
52.209122,23.924072
29.408215,6.441528
14.047195,46.892395
105.875534,155.734253
86.218796,18.092285
72.438286,69.067017
77.627579,35.987
50.858719,21.942749
146.659973,100.792969
77.114677,40.438721
66.818665,59.765015
69.738831,11.521973
33.202286,140.550293
16.920181,31.320801
49.833755,51.933594
156.924011,45.269531
40.938572,63.958374
67.121613,65.775146
55.670593,117.120728
110.20163,151.910645
32.849045,1.657104
25.557938,74.484253
164.796768,78.633545
3.034267,42.618164
14.969055,54.50293
89.687683,48.717773
22.682007,111.10022
33.094917,104.702393
61.209152,89.24646
22.729675,27.850342
43.546711,81.766357
210.026291,89.40332
127.057327,94.26001
16.181297,21.157959
99.594292,44.749146
217.974182,18.54834
25.976135,43.571289
44.007362,41.557129
100.256073,12.586304
19.307507,5.734253
58.185181,13.638184
84.683517,134.824707
39.555466,43.716064
93.834709,84.679688
76.296432,6.416016
36.09938,19.222168
99.23558,109.067627
93.689758,52.731567
39.654831,1.666016
35.781532,38.732422
78.460541,130.702637
16.701279,60.342041
91.238319,82.82373
85.446968,93.220459
113.981041,57.294556
109.403503,148.301758
119.268417,184.950928
8.162537,97.298828
64.28212,91.387939
45.429428,42.479126
68.292603,156.686035
106.078903,57.645142
96.787109,150.336914
90.198273,79.664062
67.134232,100.756836
59.910164,25.391602
12.682808,61.820068
150.536469,118.671143
69.975723,64.820312
53.905499,27.608032
227.03627,208.932129
172.345703,102.711914
99.876923,27.939941
78.718529,67.745911
57.16571,44.807678
2.683014,44.101318
49.066631,28.701538
129.279816,28.206543
129.384338,127.90332
78.127861,50.936768
137.355896,120.584839
10.661594,74.126831
110.602219,7.634644
77.16507,122.25293
113.285271,58.643799
118.265968,146.165039
22.737553,85.627808
65.07473,54.918457
150.078613,156.476562
30.530716,44.080078
23.769093,31.673828
67.705673,20.284302
141.950058,28.87854
82.231964,124.957031
107.619064,53.036987
195.510223,63.611084
158.808838,106.032715
78.468529,22.930786
69.886612,51.149414
112.741295,60.172852
3.080952,8.449585
15.262028,26.581787
7.156391,41.481567
86.389038,33.769897
51.041012,88.728149
75.77076,68.653076
25.844276,89.256836
50.173866,45.968506
116.991409,172.680176
40.714233,75.034912
52.667908,33.913574
72.04245,102.486816
6.757618,14.788452
40.93359,88.046631
79.108246,21.032959
21.674858,65.060669
63.768993,43.072144
54.847786,25.299805
114.171509,229.439941
21.611118,37.366821
39.33709,8.507568
81.245987,20.173218
27.464043,105.238403
12.31694,14.774658
116.050598,53.58374
33.282593,31.941406
52.760448,129.697754
121.922943,154.803711
23.111221,28.019531
24.29266,20.34436
120.052666,40.230713
33.993645,32.152283
137.651306,64.068115
97.224747,89.438477
94.069778,70.068604
61.583321,21.733154
139.164978,100.79834
34.863991,44.644287
147.163879,160.214844
16.426163,125.204712
37.920319,78.047852
29.996849,62.285278
134.682083,50.158936
15.556274,75.393555
46.230316,106.707764
2.122017,10.17395
90.90152,22.154175
13.878418,97.513672
95.733704,17.077637
95.174042,82.333679
81.840103,130.382812
137.47374,135.695801
143.086258,96.469238
36.235023,39.142334
45.835571,52.641724
185.794144,120.508057
61.942146,56.974854
128.822891,126.272949
4.457733,86.539795
101.280685,18.610718
92.786285,74.177979
81.856384,128.253418
162.046005,98.696533
5.763821,42.876099
43.869812,69.653931
29.580116,65.681641
89.229088,113.27002
60.350163,85.301208
49.759079,47.655518
78.348312,35.272522
25.842037,67.927979
145.441315,90.031677
57.926781,65.48291
52.225395,21.320435
131.404053,26.339355
9.532616,77.122314
186.05545,150.213867
107.49157,140.555908
96.002213,133.824402
25.114437,32.362915
14.591682,39.066895
107.312019,52.156616
4.155655,23.499023
66.824661,62.539062
57.255859,120.844971
4.073181,27.737061
50.972977,79.870117
96.973297,98.312134
150.081039,57.396729
35.611206,96.928711
128.19545,47.168701
1.861862,9.321167
245.925323,129.605957
45.942616,42.284302
9.807816,48.725708
23.462517,35.139282
47.44899,52.200195
2.475243,32.740479
35.346245,45.087036
133.865265,203.351562
63.888161,71.805542
146.203766,60.79541
5.408775,77.883301
75.019363,101.087402
138.992203,59.547852
75.497711,43.195312
122.262497,131.518555
3.804745,29.227905
2.417889,64.218445
65.2313,14.544189
108.563194,24.6474
205.368546,130.930664
150.18544,68.793945
151.585815,70.367676
63.746315,37.278748
95.828926,87.990723
84.193329,40.317017
59.893497,51.394165
83.51622,76.062378
84.542946,17.75769
25.881584,64.424072
165.754318,58.040649
85.002426,74.960449
5.827515,26.867554
16.522858,46.363037
62.783981,42.869141
101.456299,213.472168
94.650337,105.782104
120.711098,73.631348
38.708885,31.376221
125.594803,54.214355
84.768417,83.3125
13.350243,12.734619
82.502777,26.497803
126.491295,123.609863
139.152374,1.540039
50.829483,87.084473
105.30246,25.348389
43.243584,59.398926
51.424919,76.34729
35.994827,33.396973
16.74128,94.845703
178.193909,119.737793
78.39325,57.122314
227.376816,51.27417
2.995544,84.838989
181.559601,101.001953
29.581684,20.233032
102.996727,71.595581
100.414886,163.182129
47.913036,10.465088
32.981228,40.423828
132.869385,56.120239
5.567307,3.812866
61.414253,45.156982
128.344696,130.347168
72.644897,72.997559
13.673225,39.432373
110.716537,49.295776
28.397812,86.747314
73.581573,36.782837
108.207321,29.825195
40.362541,66.663086
64.497612,57.223755
82.883896,46.553589
31.792,60.506592
152.313873,103.12207
35.581947,14.698914
118.621414,122.329224
66.966644,12.282593
66.475471,35.397949
8.971397,2.525269
91.898407,90.321777
126.295624,78.29248
66.477234,2.358765
106.718552,45.39563
17.870483,65.333008
61.340851,122.888672
109.661278,23.265137
26.514053,91.624756
24.198257,47.943481
68.863358,52.16394
25.467014,92.629639
21.087128,86.125
49.801945,109.542236
46.085457,18.429199
64.262848,76.410645
67.960541,42.605347
146.636475,119.979492
68.802109,69.203003
34.807831,96.073669
175.602417,98.242432
44.043083,43.619019
27.906502,89.891602
90.016861,55.599609
214.370316,179.665039
55.428757,74.629639
101.648041,30.980225
45.004898,6.910278
31.545486,71.924561
43.744507,22.515625
57.788513,11.328613
107.098984,5.818359
33.405304,7.714844
183.955154,91.888184
54.289154,105.788574
97.881927,102.360352
105.713043,18.71167
152.93895,144.331543
15.337685,64.572754
28.840836,79.471191
111.908318,68.025635
147.073471,15.448242
90.427315,154.413574
76.342606,35.694092
150.736603,112.809814
106.115097,9.984375
67.573074,89.856689
1.522629,48.593506
19.436577,51.180176
114.248642,10.714233
94.946976,35.29248
79.586464,95.476318
36.118408,11.646729
84.366112,40.134399
105.156776,52.228882
172.557343,32.517822
50.101944,185.687988
229.165985,117.566406
88.738876,67.076904
59.920975,90.31665
86.603104,45.383789
18.309685,21.133179
102.647011,29.912842
18.411743,69.958008
9.239342,16.087402
19.828728,112.231079
4.866661,14.546509
67.234802,115.208008
118.550873,78.947266
70.197083,124.386292
49.82431,49.494873
103.701782,93.291321
19.588242,32.085693
128.524185,23.255981
21.481285,40.114502
45.024704,40.0177
32.129398,40.083374
30.080139,21.691406
42.054176,60.559937
110.969238,52.147949
138.948944,43.819824
53.177307,1.5625
77.978394,48.921265
97.983543,44.847046
147.18306,38.407715
88.46067,82.90625
69.476753,105.799072
8.277412,19.686035
66.340378,79.544922
42.921692,10.970703
104.660492,71.221069
24.360821,54.066284
31.248924,29.759399
163.080566,210.486328
17.529282,80.480225
126.396294,19.063354
57.616898,50.643433
141.699234,151.871094
90.471619,86.939941
79.061386,53.231445
45.970875,48.114868
54.828331,45.275879
15.607307,87.456787
34.666351,65.395142
80.638763,15.169434
42.603645,26.987793
38.961273,188.626953
80.832123,22.953857
68.369522,7.300293
106.298302,20.588623
74.341125,60.210693
42.160419,67.203735
62.438347,35.016968
59.178375,128.371094
202.736877,117.32959
105.418869,88.130615
74.852509,78.100586
134.304276,77.344727
8.374557,18.359863
130.694275,66.65918
58.47905,169.454102
87.31543,63.766113
40.48827,4.057861
129.120987,57.730713
247.944244,159.335449
32.952042,26.880127
205.975723,153.23584
56.057396,140.048828
123.781258,113.327881
142.845612,134.447998
124.515541,101.72168
56.48859,7.999023
7.139923,39.809875
55.958591,62.704224
15.960365,56.721069
7.159714,106.160156
26.379845,67.241943
47.876293,100.493042
128.690125,35.681152
44.029282,68.605469
34.859722,4.204224
76.43631,61.36145
30.707047,43.405029
48.938354,16.036011
50.889771,118.396973
52.470612,119.257568
168.847321,215.955566
58.46769,11.72168
44.517067,38.525635
76.011253,37.489502
61.489403,97.916992
11.074005,55.76355
113.654053,175.206055
49.359531,59.250183
111.830948,73.434814
99.308998,56.705688
72.600983,191.167969
30.720367,42.838867
70.998665,105.399658
31.987701,94.982666
97.23983,54.43457
9.7854,18.323608
188.661926,58.424805
9.891785,34.576416
54.12645,132.826416
47.213474,44.081848
118.930557,96.908203
267.296631,61.750977
100.687698,9.7948
54.323494,34.642456
28.583038,14.69751
70.039536,2.505859
106.526047,29.914429
149.282211,106.256226
206.752289,70.141602
218.11441,47.14209
38.618088,171.201172
63.660084,56.075928
103.815567,70.815918
32.751282,191.099854
160.263275,102.449585
80.207619,33.059326
85.280815,75.401733
95.321152,120.661255
77.234634,22.891113
106.914291,126.583008
36.208233,46.855286
24.565437,62.967896
12.183788,72.454834
66.780197,117.493835
161.64473,96.102661
208.196945,126.62793
42.633759,82.616211
126.830353,80.268066
18.050865,84.451416
29.581894,45.297852
30.535343,42.75415
107.316216,76.354248
138.212616,34.862915
9.181801,40.562012
38.679352,19.652222
117.302956,45.107056
162.914398,35.563477
76.164093,39.832764
103.408722,60.835205
18.123173,15.557129
114.133118,26.765137
25.176254,3.321167
8.570679,35.494263
119.036285,37.082642
175.981689,139.733398
44.938385,90.152832
132.997528,65.526123
31.933311,97.981079
24.957794,106.833496
66.941338,94.773682
36.286217,161.414673
14.910583,22.829468
82.566162,87.671875
139.938507,44.175049
141.461487,37.852539
117.616188,44.059814
162.391998,89.884766
94.442322,88.72937
44.984688,8.406006
125.785431,203.415039
82.501923,147.694336
115.354797,45.263184
66.022827,77.12207
84.81189,76.890259
25.175217,35.01416
6.06823,67.682251
10.513908,39.152588
157.692932,113.706543
5.377228,57.662842
69.443344,24.346436
7.842941,78.515991
117.680168,79.248718
45.00943,81.138184
26.477318,19.045776
192.799103,88.414551
45.746147,3.92157
115.903778,38.963745
112.473999,132.530762
13.287895,22.642334
104.46685,31.838867
84.936546,42.724487
11.512638,29.874329
94.468872,88.010864
33.052032,27.884766
61.848377,38.168518
5.501698,130.411865
35.232685,3.14917
64.110001,73.744019
65.090363,89.359375
101.010452,69.885498
83.036049,77.790222
24.149559,83.422729
100.860107,29.519409
39.986065,40.974243
17.044846,1.748047
32.358837,59.165649
173.658768,231.333984
152.060074,11.456787
53.083458,41.616211
55.320366,45.01709
52.167332,32.897339
25.229031,14.9823
16.522072,25.315552
99.734772,103.733154
235.379532,53.005737
128.925446,29.035156
37.752975,16.167358
7.94442,31.081299
15.004524,38.003662
85.839462,33.126465
4.917,54.433838
97.681084,104.442261
61.051262,10.251221
174.507202,5.234863
165.026276,51.872559
23.990135,62.426636
31.192387,70.047607
33.592754,87.051636
37.419239,9.057007
4.143082,21.121094
70.303146,169.708496
25.87973,40.807617
32.206184,60.686279
64.325531,38.421143
93.504913,69.697266
172.627106,75.022461
126.036064,85.131226
70.081886,22.126892
83.528229,9.602905
65.472443,58.154297
112.295776,33.922363
92.846039,82.019897
187.867157,77.116699
17.471947,59.767822
12.012589,53.853882
7.976471,209.930176
72.071991,64.675415
129.545151,16.518066
29.713318,92.563232
44.187195,64.108521
8.741901,50.769775
17.194748,8.730225
31.189842,77.951172
29.06813,49.615234
7.275337,43.095337
14.607689,51.78064
50.063202,21.414795
93.494965,42.573547
32.477692,85.31543
21.345005,42.727722
76.074783,22.777344
36.357777,3.250122
292.38913,173.543945
4.832855,24.608887
28.843452,145.859802
71.480141,77.171204
68.792206,15.92334
10.556511,99.164307
8.083466,35.405273
54.327515,88.345215
26.353165,27.231689
5.783722,95.094971
52.697632,36.942139
41.506756,9.916748
81.503647,82.057129
98.539566,35.867493
79.683441,106.996582
13.928307,108.005066
31.35154,32.896851
133.594925,52.432983
67.55378,108.650024
30.351498,76.047485
76.773163,42.297058
102.128769,20.745239
133.13205,4.519897
24.355164,90.920898
120.487183,72.50293
72.75148,56.96875
6.983154,112.063477
121.581558,26.724121
59.336483,101.818237
162.888306,275.358887
155.208725,71.190796
40.642883,6.491211
25.171082,41.40332
101.941467,175.086914
56.711735,51.939209
13.852402,27.430908
61.672081,82.125977
5.027199,84.091309
10.478264,24.04248
165.19957,83.309692
49.853447,50.192627
123.110764,34.300659
255.509598,137.98877
41.985176,32.122559
17.773941,25.364624
140.565063,11.428223
316.6362,183.625
83.300156,39.069397
97.390244,123.862183
96.328491,17.541504
37.911034,57.63147
31.405655,147.137939
58.163929,57.85022
38.180084,67.917358
48.944611,31.338501
32.118431,85.196655
106.82267,61.067383
4.001747,37.739868
130.597473,41.258484
118.316925,63.406128
213.702423,31.38916
17.886482,1.709229
29.706161,74.262451
114.339752,41.107178
151.545181,25.904297
57.165436,57.179932
37.277023,16.53894
77.464851,28.09021
16.298431,29.858887
100.940781,15.537109
74.874313,96.175903
152.092499,93.336182
143.384552,183.803223
135.293732,84.061279
64.459846,63.465088
44.569946,18.769043
5.467632,102.829041
116.66272,162.317871
139.402908,58.023438
28.948505,49.946594
143.516037,101.026001
191.325409,140.956055
72.751282,54.416992
148.019653,308.804199
81.198654,70.17511
22.330341,46.381226
72.064362,12.828735
63.555534,63.5354
80.555908,60.411743
79.331337,54.742188
126.304123,6.908691
41.851395,65.27063
87.187927,109.750488
1.454453,134.993652
84.015518,97.965332
255.107086,13.754883
181.064667,161.328125
55.791981,20.423279
68.416595,4.925171
67.450195,173.577881
55.171341,42.300781
9.362831,38.151611
31.815693,1.419556
117.294144,90.062744
113.761292,71.798584
112.012077,95.032104
39.802994,22.211792
109.699539,88.541992
27.316406,54.117188
69.337036,33.945557
61.356606,74.334351
21.487709,100.793335
67.903076,39.713379
117.882675,88.62207
12.666794,60.3573
16.252037,27.387146
154.966736,156.34668
64.54007,128.865112
82.872803,108.546875
82.755096,54.12207
139.438309,45.97998
90.331421,18.921021
59.05835,14.893799
26.503998,21.312988
71.649948,15.684937
51.353268,36.861877
81.833305,96.224609
96.223526,49.373535
15.562668,18.14917
60.543869,173.962402
29.397835,79.317261
81.983635,45.971497
27.329514,37.134766
10.477509,60.393799
126.63282,86.763428
78.569336,38.769775
19.435608,37.637451
66.900566,74.363647
74.981239,20.13208
53.204498,54.524536
39.789322,68.15625
24.889046,29.556519
39.357292,45.372925
65.287872,50.345703
54.37434,22.106812
64.554825,42.139648
7.193436,53.92627
105.040161,107.262207
129.659485,144.735596
23.106323,6.060303
166.872101,85.240723
115.966438,72.413574
66.562134,149.088135
104.656883,127.445557
8.206329,65.447876
55.573589,31.320557
60.847664,66.104492
45.335396,96.123291
157.166077,69.95166
54.918007,27.064575
24.86795,16.036133
152.431396,30.353271
116.972534,28.980469
133.294128,95.021729
121.87149,128.798828
7.247021,13.211548
69.428658,52.71167
52.457336,78.130615
32.010101,98.249146
84.88736,50.033325
56.78109,46.082275
11.449905,17.869141
165.120285,91.56543
82.244072,3.025879
53.111652,59.496338
47.767097,23.576416
115.469742,2.180176
58.535717,53.306274
131.942413,4.347412
38.809494,57.928711
40.879944,11.413574
120.118668,93.791992
155.260651,121.961426
17.901207,12.833862
26.122013,133.466553
71.20462,53.537598
72.691994,96.914551
63.84359,86.689819
34.239433,77.2323
54.58374,20.558838
103.157578,72.652588
131.06459,58.668213
94.095764,90.070312
80.314667,159.638916
4.404327,139.743164
8.151566,79.837891
112.387085,197.907471
76.387573,33.044678
12.711006,96.874756
67.450638,47.546875
1.265476,80.496704
63.478256,78.684082
77.677551,39.428101
81.508026,95.41626
81.955704,88.456543
40.317497,52.765381
30.550201,53.510498
89.332733,76.851196
7.962456,71.85376
80.486511,95.437012
60.967487,31.200439
231.821838,135.41626
50.557411,122.47998
85.495148,31.814575
19.93515,44.428223
50.123398,80.398926
70.7379,74.558228
4.820892,10.666992
46.460686,16.180542
97.227249,59.60083
71.87796,49.25
61.761894,48.8396
186.495697,67.910645
7.653809,37.552551
52.397343,48.575989
69.208824,72.526733
99.922302,58.787598
60.765564,75.608643
76.022812,23.469299
47.230354,69.470947
47.924873,12.661987
42.022408,70.3349
71.965485,62.16333
110.86541,74.457397
63.736588,21.415039
241.275482,71.811035
46.665997,103.605408
100.214035,82.846924
95.886391,57.541016
44.189785,17.489014
37.727913,92.067871
12.25322,87.704102
96.18898,109.88501
71.149246,59.348999
111.052292,93.887451
140.431488,55.050415
94.294907,36.846924
45.596157,2.046875
21.692596,9.330566
42.020538,22.73291
73.053085,112.874023
87.993835,74.470459
144.357147,64.949585
53.896317,45.321289
65.867577,19.795166
63.752628,32.602905
194.824005,81.167969
41.886066,38.401978
165.8302,213.817871
76.620834,61.583496
67.575073,4.833008
73.214111,13.416992
225.225372,77.824219
70.216156,78.269775
88.249664,79.041138
14.151196,64.302795
120.690857,83.847656
102.389984,171.663574
59.372879,77.332153
15.87558,111.206055
161.849243,38.23584
194.631027,115.754517
138.3936,87.575684
238.531372,105.728516
173.504532,124.57373
40.175121,48.495117
26.38905,9.024536
38.615532,71.092529
59.220352,35.315186
77.417717,36.860596
62.917236,7.64209
90.430641,5.576172
40.117348,60.97229
82.774391,19.514282
9.828033,39.148315
117.368515,120.952759
43.08551,75.786377
36.272202,161.633423
89.902985,176.868164
212.964066,177.42041
5.358986,29.53833
95.825226,53.881226
87.836166,67.424927
101.251831,15.359741
193.728668,139.532227
119.68795,58.954712
160.228973,20.395508
13.131142,82.111084
63.34005,60.275391
92.087616,67.49762
21.096054,88.155151
66.877731,89.960693
30.45742,57.069824
24.717606,56.159546
47.212952,35.243652
60.66077,36.992798
78.953682,47.904297
25.135445,37.814453
41.487442,9.654785
37.167698,96.441345
80.068764,66.448486
7.896366,40.431152
39.857029,23.687622
82.839752,34.337402
89.707275,60.278564
17.777824,85.477173
73.651535,7.849854
133.368622,64.380615
24.93737,18.720337
59.094971,86.357178
154.457916,112.687256
13.221886,48.235352
66.047607,41.998779
74.704575,59.269409
69.564804,36.935608
70.153748,74.973145
7.892906,64.19458
79.514305,71.227905
140.068832,31.945312
14.533039,84.714966
51.081722,3.939331
30.356255,67.209229
68.333649,80.243652
130.407745,171.400879
45.705238,27.299072
4.597057,13.735352
156.986603,22.590332
88.333496,52.398804
104.518959,50.584961
101.100433,254.27832
72.872498,37.720215
18.747028,37.834595
90.630768,59.757996
15.882393,28.667847
20.962585,16.267822
123.476746,200.275391
161.62442,51.404541
61.599014,87.811768
238.77858,93.206055
49.731735,116.138672
22.629498,92.708618
11.281982,49.06543
53.141243,68.634644
80.412598,54.38092
43.528587,73.602417
55.518143,71.074829
58.038635,69.456055
46.853378,136.227295
27.779236,64.593262
47.632721,12.615967
111.937561,302.113281
198.046478,102.807129
42.189011,77.416748
117.942497,71.644531
13.175262,45.623047
45.035645,55.418945
41.534294,82.42395
103.020401,11.414307
241.664062,211.196289
64.533325,159.015137
38.428284,102.405273
87.016205,22.257324
82.503296,34.301086
61.70092,30.812744
28.194893,57.487183
86.24144,54.364014
35.332153,9.975098
185.230377,173.158203
63.822514,123.886353
59.229614,61.90918
12.667603,57.178711
53.66243,140.363525
197.620773,144.476074
44.199654,79.247681
119.724289,50.928223
87.036758,36.954102
101.817978,102.849854
33.89856,24.371948
45.939293,26.800903
23.44767,4.207458
26.313984,3.623108
33.67392,34.57373
205.305283,111.572998
54.334904,22.212708
90.102295,84.483398
28.080444,46.206543
86.419632,44.917969
129.876083,70.830322
81.042892,104.946533
271.469299,88.871582
36.363525,9.899414
127.45871,136.758301
12.655624,129.583252
170.867584,137.20874
120.75972,99.391846
54.602001,23.174316
10.758308,111.798706
72.284309,49.782471
55.952217,35.936279
32.972115,26.52124
40.997475,22.908447
138.216339,155.700684
28.136021,60.140137
113.918243,59.085449
123.504471,105.348877
56.096943,48.69574
23.725002,19.832886
88.375458,51.746582
22.059097,56.557251
153.622879,135.69873
76.67482,98.343262
103.053726,119.111328
93.938019,90.379028
145.541016,179.402344
45.20945,35.068298
79.188217,105.232422
136.055786,77.891113
161.383514,84.42627
11.504845,80.486816
49.949326,87.42395
85.118637,78.615234
56.520515,3.878296
39.619053,37.322571
50.074959,24.667725
74.599014,13.093384
48.782402,85.804932
50.89447,101.464355
195.210693,252.108398
144.32373,143.914062
90.726433,111.54541
143.141541,112.342896
6.182823,12.816528
35.842896,26.135864
86.811188,125.64978
74.628723,104.481934
136.486755,165.050293
66.907784,23.604736
23.759449,16.915527
63.492111,75.369873
55.866676,7.378662
68.39653,42.239014
62.51239,128.687988
207.168823,106.531738
55.750275,17.958496
97.426842,104.615723
91.748726,67.354736
78.000473,88.140686
50.028851,34.254272
55.847775,12.908203
66.613953,80.66626
131.967102,114.531738
23.060452,21.617798
59.484558,30.060791
70.192444,34.990723
82.76902,38.020752
3.718765,77.008057
214.270447,113.303711
76.90313,114.380737
110.11499,128.634277
57.155624,26.411133
98.034027,76.293823
78.263611,47.724731
76.813324,79.072754
48.836746,153.336914
122.370178,26.891357
51.599411,68.112793
23.790428,118.18396
167.375198,94.900146
71.835388,109.889587
14.600285,54.945312
77.895111,45.812012
45.441605,28.938843
12.394455,37.511719
31.574173,77.721924
24.633186,21.892822
113.920769,108.577148
124.010872,60.350098
110.812958,196.046631
155.843658,96.611328
32.969666,130.830811
51.070827,4.890381
73.898911,63.840698
82.341179,2.843506
50.771423,79.111328
16.200424,124.359131
35.565948,42.019043
128.981857,31.339844
110.98085,97.234619
25.869392,80.064453
46.242218,24.264038
58.571026,34.57959
68.972946,97.3573
59.822327,74.432617
73.553505,54.061035
109.649437,55.130859
105.184616,67.099121
239.920898,162.594238
57.959007,11.964722
61.305187,84.54895
110.944168,131.725708
40.73938,67.140503
12.046768,34.08667
54.547791,19.853271
98.718224,3.894165
23.806683,29.035767
25.631279,107.187988
35.975479,90.747925
110.503174,101.191406
82.515465,59.358276
27.933777,4.975952
120.427917,48.824219
84.95858,154.569946
199.793442,96.498047
32.59272,25.68988
67.080856,30.232178
85.61335,39.947998
7.790329,46.441406
35.335876,96.95752
29.985504,34.547241
71.153625,15.977295
158.16066,53.791992
29.059647,37.005371
84.277496,112.315063
97.673401,74.925781
139.16893,85.913696
50.455963,86.376831
12.473099,51.224609
4.845528,84.194763
87.663673,73.525757
2.707977,82.552246
87.064278,42.233643
29.003479,41.000977
168.079208,69.031494
23.014008,40.866211
51.167786,18.254395
107.466148,5.039307
211.699768,233.227051
20.679749,109.43689
75.563744,81.585571
27.191658,19.51355
52.565491,128.9375
15.831917,51.010864
23.942757,7.478271
14.648819,176.420898
94.297241,71.983154
27.647762,28.054199
107.451706,27.141602
25.69593,25.4646
110.8125,110.626953
53.28511,55.167969
11.827919,50.684814
29.095615,42.391235
112.186577,20.524658
132.065125,87.817383
2.412148,103.868164
47.550797,99.279785
76.685776,42.463867
100.231628,63.7948
96.710831,14.111816
97.756699,45.988953
67.761139,79.985718
138.566849,43.930664
54.126801,45.058228
56.582672,58.338623
174.146454,143.524658
92.47773,108.166992
64.288834,61.827759
64.424728,24.796326
42.821423,11.816162
161.397964,40.154297
50.977531,80.619019
148.369141,51.28479
66.220398,38.236816
116.15213,103.40332
36.180222,63.662598
202.770813,194.484863
6.678776,86.858521
169.973312,161.321533
118.481842,50.749512
71.813141,55.742554
32.022324,21.153442
42.937073,72.882812
74.860268,47.039551
52.411697,5.236572
100.566635,55.256592
48.591568,19.564209
207.859131,89.82373
18.48111,42.613281
10.021465,3.532227
59.69413,58.269653
21.473145,46.986328
78.879745,28.102051
112.540215,59.784058
101.06852,23.359131
23.360031,61.322876
23.477875,49.382324
71.351196,80.40332
3.348206,59.466309
130.973541,154.632812
31.747025,51.30835
125.526512,67.394165
65.829559,195.616211
49.82272,94.739746
68.581917,78.486572
97.818092,71.248779
28.010689,51.762207
14.653061,104.844727
94.209099,30.585693
10.344482,104.808838
60.158752,15.554199
75.867508,95.648926
40.691589,42.735596
160.759338,15.629272
70.861298,8.335449
61.411041,27.079163
100.320724,66.269287
16.207245,126.894043
711.075439,1181.967773
155.638672,130.5
7.056511,79.921753
38.903481,16.256104
82.840942,68.501465
64.491982,109.60376
40.505363,2.333374
44.005745,38.264221
88.915939,118.439453
109.267838,107.579102
125.397079,47.420898
106.218056,167.315308
70.437668,38.9375
175.10849,88.06543
39.058678,24.856201
129.607758,73.117188
71.583374,59.085693
84.409019,35.921265
49.676434,38.51062
58.272457,30.857178
114.485687,43.674255
120.518654,107.319824
3.590054,85.869507
107.928429,25.682739
12.11974,59.43457
46.017883,83.318115
99.234413,65.091431
102.634094,53.093384
63.153893,106.788574
49.239048,137.965698
124.775017,33.859741
10.900272,20.804932
22.73267,36.796021
84.230087,53.52124
91.163673,108.281006
18.730515,53.120117
39.397469,67.865479
40.181183,7.545654
107.019714,47.362549
65.730911,25.23877
73.52771,69.894043
38.566879,11.728516
35.913116,8.644531
70.379639,11.070557
41.405663,101.133667
52.799984,30.017456
39.183552,14.793091
5.736351,43.456909
30.446518,36.915161
220.044647,131.286133
64.047668,4.514648
49.126705,20.357544
106.410767,59.50293
57.410576,120.806763
60.750397,131.766602
8.094429,65.35376
84.286087,64.139648
93.631081,78.05249
98.319565,48.071777
32.511814,23.710693
68.084488,113.004395
56.76062,70.470459
36.001877,72.108398
54.032585,7.422363
85.745956,46.393311
153.56134,29.472778
15.491966,30.879517
131.449615,75.691589
44.886475,162.401855
96.351562,70.704712
68.090027,82.367188
55.398346,170.96875
26.144714,101.952881
99.833809,30.27417
100.536095,88.033691
138.391022,50.368652
64.829041,221.922852
18.714905,2.421509
4.488693,23.288574
12.827881,26.489258
96.866653,30.22168
99.739349,123.969238
23.173954,100.352661
191.384521,80.654785
9.618317,34.315735
27.718555,33.001953
93.092964,69.029907
43.861038,35.737793
16.210392,34.824951
58.342777,61.682007
5.027203,9.501099
36.340332,186.007324
127.370461,146.037109
105.074142,33.52417
101.008743,59.453369
22.290764,32.084534
2.735451,16.354736
26.435764,16.335266
84.597725,13.736328
44.556355,38.483276
123.567924,153.26416
113.592155,67.18457
114.611549,30.628906
55.890587,4.581299
9.075127,87.130371
24.494213,20.622742
29.549023,94.094116
107.681427,64.094421
32.692513,99.762207
6.512146,18.468262
25.039566,45.562012
36.099197,148.357178
116.210663,53.13916
50.187813,81.17749
48.100449,25.398193
70.722168,83.828613
67.12616,186.977539
93.980881,52.353088
35.233887,143.641357
24.275654,102.574219
3.807701,50.834717
55.7388,16.029297
21.504196,5.860229
88.975769,2.209106
108.226761,35.849609
85.626389,110.908203
87.934021,57.917725
21.856812,68.91333
75.329918,22.171875
171.475403,68.849854
98.539444,32.709473
25.116165,28.509766
37.430916,77.517578
108.779579,111.686279
17.607841,69.711426
26.908867,22.945435
70.618462,31.764648
100.262016,56.646973
104.703712,51.2677
71.995209,100.154785
116.681274,105.310669
8.788094,56.450195
46.563339,1.829834
190.633759,4.067871
147.787018,93.716309
33.426025,35.288696
54.542137,39.491699
76.188904,88.761597
76.111526,3.033936
69.91375,52.186768
22.133663,70.649109
113.03717,33.778564
40.691177,134.782715
5.727993,81.504272
42.497902,76.894897
67.703354,61.009277
78.760628,86.67749
150.926056,40.848022
36.977142,129.796387
17.658089,101.950928
7.63483,50.021484
37.929092,10.796753
48.879166,70.733887
58.50576,18.50415
70.565384,100.763184
9.186707,44.864746
50.282349,123.872803
60.031361,67.640869
37.496876,5.907349
37.05085,30.452393
45.153477,99.294922
46.359962,22.944092
50.342205,84.043823
113.756218,108.482666
9.620605,76.888184
106.251083,50.436279
5.564529,12.437988
168.533966,104.574463
120.667526,48.76001
18.898464,28.293457
49.505035,28.030518
18.734543,98.96875
163.211548,183.545166
30.252335,19.497437
69.18985,39.894531
71.288681,114.272461
30.030106,51.035156
149.396881,51.892944
63.435585,39.25647
92.457191,95.25415
64.251968,58.411194
12.760746,55.696045